4315.189
4755.661
107.677
2711.151
4720.353
2857.873
2957.264
883.866
2400.945
1084.801
3887.264
2513.241
4544.063
1179.724
1838.177
2048.832
4425.001
3528.267
3937.388
2108.884
2794.121
653.666
4978.66
4982.305
1252.605
4426.729
964.226
4304.976
2523.078
2148.21
2664.893
3527.251
4531.294
4407.178
240.873
1975.718
4757.017
247.362
2119.319
3523.339
3976.14
4935.599
4693.399
4942.775
3897.933
1596.864
488.934
2528.337
4772.854
4316.116
3576.927
2876.587
494.655
2486.637
1426.013
1676.257
2087.34
2955.419
1148.869
137.473
2512.315
1680.434
103.475
3328.804
4326.858
1255.346
4112.939
2757.858
4506.563
1266.522
3735.346
3405.444
4122.83
3564.229
2462.31
1103.177
713.551
2492.973
639.449
777.324
2433.77
646.224
272.165
771.076
2910.715
3933.278
2787.199
1675.939
256.488
4224.856
3738.404
1893.818
2790.346
1589.274
836.656
593.484
4083.456
4713.546
3720.909
1033.49
