4799.127
3200.472
2304.701
2862.363
725.82
4554.653
964.378
3196.126
3662.555
4218.489
3194.343
1757.724
1142.739
2877.163
3768.16
4124.432
4356.598
2558.022
2599.105
4553.354
2454.936
1093.248
1554.353
3300.337
723.067
878.898
2028.39
715.003
3020.459
4772.842
1158.546
776.884
3060.827
3862.115
1274.857
3706.82
1910.329
3271.821
2717.487
2054.306
956.343
1990.018
3033.866
3815.937
2313.012
1033.495
123.934
2593.123
546.019
4370.74
2113.284
181.807
3484.704
344.117
674.471
2213.092
355.566
927.583
2016.793
1189.466
386.458
336.266
1951.963
3974.495
786.358
4541.867
559.554
770.242
1480.826
1373.325
3188.073
507.674
1512.236
908.595
3176.492
2263.975
1507.524
1753.657
3042.263
4931.539
856.082
2985.793
4162.336
4826.49
3234.271
4991.488
3609.846
1600.217
2349.365
4188.321
450.052
2530.948
3316.1
1276.623
868.057
1045.903
1530.584
3990.838
2843.107
4812.758
