337832
35421
845300
281283
844681
927667
586862
158471
476675
822139
42719
863028
545057
766064
216771
784761
734415
744904
394501
316430
231282
58753
842339
367671
372911
454247
167885
874783
922872
656442
341878
546690
921880
142682
982655
632167
663628
514270
360299
953840
68336
608455
316937
248628
398333
411754
591343
421217
753922
363834
175019
464126
163444
356048
97772
410383
571666
336910
550027
387640
916899
672608
735101
733222
949941
582187
267178
101107
96658
135342
254461
843062
321121
750348
98706
973913
288200
763438
327656
429222
278721
436445
61715
382559
982051
343671
655658
420630
741599
868932
767786
863354
347912
467403
462335
147453
716053
883624
685274
81382
867226
799558
789781
64990
648142
838681
39453
814141
469083
579240
323355
378625
402789
22888
282660
900456
434482
134458
759012
821801
926155
26255
190481
203022
124991
997652
255525
344507
194151
512625
239579
332380
302291
749437
734774
263214
91545
889842
68150
460950
918648
5116
120105
720624
18858
528775
920990
345538
79439
614280
514202
567739
784442
332187
676237
969472
251985
114467
483920
219641
222261
617087
897875
229038
330203
437606
716447
360707
627183
642948
230946
201597
201861
410520
272921
76491
616074
403292
206880
691179
517467
529580
45118
669426
521189
668319
842748
31615
940411
969231
574326
603904
290534
265342
988263
817906
800731
192702
943527
455714
850980
213981
208107
881957
923072
820483
820902
602696
636679
182376
609763
77845
96866
648273
104486
846586
134581
114147
619682
280678
75486
878524
445602
438028
765180
117712
993961
347824
197237
385695
296396
641337
525596
796967
310358
676108
304552
904680
393010
105415
150105
418375
495848
504742
676965
271685
737746
81886
224228
121016
129919
331245
113365
820530
231759
574003
92994
473281
647094
15438
195628
444324
628650
553800
305353
265450
125164
856448
446571
888021
749529
962068
765613
76758
957665
466336
406211
341917
57315
263311
322915
293795
356354
587014
709509
798375
212334
425382
297629
917324
773946
286687
954695
41369
233581
28406
68376
154820
515638
866552
186070
283192
522494
919953
747591
254778
266587
739451
512375
842528
192414
249388
844285
634838
534396
933524
433084
237872
571114
576805
504941
441410
890968
242877
536647
867295
401030
679278
737023
517717
901295
518496
801538
232582
103594
160225
550026
903027
365053
736426
58405
480849
966466
384960
936678
560080
682287
531640
499228
678961
32532
404450
232000
964201
943839
62730
130148
846224
938834
739077
863555
913813
13558
492179
111884
373573
282136
745552
108257
251539
781107
458714
80431
291660
998831
609764
335088
707083
856401
234736
763260
889685
595422
481195
72669
448782
29168
483059
178364
946500
49006
373721
714198
303179
350028
889495
693127
25328
787714
820063
448796
477845
657848
765913
479144
553851
230568
77693
358120
85645
54175
735833
960212
122774
711102
42267
501082
758505
216404
910101
221920
16875
195426
781208
470461
704095
678925
891415
201265
240971
53700
933778
957945
243587
604207
985033
384118
108171
201619
7283
475805
601351
387802
151687
898834
352714
539104
88335
198197
836125
370478
267291
504324
420644
839632
328590
73944
294387
569937
311559
864389
605629
785640
722661
577472
978543
472410
491063
641453
735155
253303
832675
73218
305862
582047
612233
211411
320645
39102
267282
392901
491105
551489
734430
953274
962656
559033
12817
600419
194511
292177
862150
892715
788916
985533
293092
311133
988981
902335
532685
300873
228459
533965
266610
772026
780854
720284
954577
323971
445939
524139
106878
761527
748047
559828
453213
978696
627773
319314
15573
465549
237192
156227
236282
681112
76645
801441
260654
292271
765441
987931
580748
835207
250106
744718
345097
37968
732240
237735
410216
726492
701593
839692
400392
670319
450522
574572
831535
122320
741826
620296
779919
224824
356885
642842
964822
103297
116665
727701
959349
661696
453501
713805
439826
901890
224819
745272
556967
739648
93480
681111
378214
240720
44209
457235
625865
5351
136125
184899
524593
453154
136581
23097
395250
317354
92727
740947
522001
581152
143628
550784
474408
646281
876687
474632
511343
321290
717545
376475
566885
759781
441095
170140
836797
648769
20953
793699
436294
86832
989239
591503
988275
551171
475417
498556
369916
692068
895315
592997
327542
399856
856398
370280
220346
978889
681834
28621
257557
97878
52340
601733
321823
761864
770348
985000
802078
960117
146962
545887
211457
705675
126377
466515
939839
380690
579989
733777
604832
482542
753616
552501
797157
37045
321196
143476
149692
669685
675469
27527
521718
270161
201229
472532
474233
637098
999861
158755
925892
292467
325353
97785
804459
476468
508250
374897
336889
848963
651231
996183
117267
215975
839767
259697
897850
691664
82744
483598
793419
906797
85658
473166
207648
599491
226848
900420
987057
165749
293244
896513
787196
576677
842136
354659
992499
605439
806929
957360
876013
527406
681911
539224
860378
73724
313086
634134
305754
720324
582356
690555
143894
817347
462789
715635
208773
408513
838450
705836
546512
726256
654341
257048
220690
844958
725720
626269
592842
255384
685473
313590
581046
915101
948133
101016
938805
513421
458866
96491
206313
243237
81179
979288
997953
130886
760408
249975
264154
369351
509884
832881
783495
93112
656932
249307
347662
274045
644387
47321
779275
314408
752401
537667
248787
117667
987955
646576
294629
919536
48031
759954
23279
540474
960644
543410
467539
351725
239634
217267
704403
625322
393764
917384
406691
72377
652808
546859
370493
598985
900742
829289
278182
338972
165468
698376
654303
112936
95936
935027
761157
924668
893921
725715
669009
527268
109551
828088
353722
606624
208384
450121
174915
145359
616038
959295
845532
938076
529137
173180
759943
946575
81538
317565
73784
757379
833494
842522
711749
497156
282586
527170
755065
533242
499892
880613
591148
751217
436397
282935
579605
747565
294625
584240
867367
785365
7730
389034
221679
401462
335456
302710
708257
99377
916509
56970
884391
678198
707059
709357
958238
783344
77402
850707
298900
863560
603969
418710
268799
1989
84307
686710
821078
433258
534455
702369
455839
170659
771286
699225
802358
774766
547119
480572
109120
208421
118225
128882
558702
698300
195576
455179
955369
457102
828613
710458
70894
770035
812028
905961
276764
670340
180020
54278
486988
932679
433636
173249
960969
41661
627568
879587
68241
44755
737261
966839
266876
336764
390019
394345
84222
71178
967596
362395
571765
70927
174302
172841
47628
279975
62647
257576
407997
978645
391282
370931
440042
870476
632623
519763
966076
762007
190356
710949
430372
44639
602624
520060
330580
338114
944644
207230
516290
796081
812124
907629
237220
400450
741003
768603
517228
860453
973744
56599
85223
596140
596015
208951
859628
58879
724883
560144
879013
970626
937285
62352
960523
634376
127734
582300
352733
157565
652187
658785
42359
289874
168878
419293
761734
924521
451491
429567
695466
273969
991876
217439
868860
568683
484987
411620
937776
476393
887272
945435
878815
122735
197779
787366
12831
523382
587394
841810
620878
782132
108129
768058
897691
53535
107299
398842
165086
222091
296890
328187
84111
575029
617247
214810
649239
602609
304600
242057
74402
773214
622585
101544
312058
268865
319150
865540
182191
949020
250866
980408
237972
992260
687078
131054
922912
51628
717298
542073
35023
938515
412819
514677
985528
581867
263231
94538
686282
754432
59346
915717
142003
839305
114384
66944
578737
581685
67518
338531
954641
807011
330450
898558
224802
614103
872520
856195
404490
173287
481720
256185
410559
371386
450921
926917
976975
73968
1945
300273
447150
333483
289900
218446
965479
577625
860605
131007
27674
177627
132375
543946
620667
630947
496619
247522
113229
324866
830346
934943
908201
692912
266843
257077
31313
996323
185102
841349
529545
60695
235234
282696
775409
146032
77021
133071
875300
376007
13264
211303
631120
408220
880810
529150
894648
498751
389219
276300
647230
200738
473007
874799
665720
335286
888834
701426
609468
231064
686723
101745
905553
330364
723825
205252
775213
886098
314065
148493
986494
425041
167994
348900
875272
758923
598370
402967
713913
729400
697979
462503
308055
79080
182277
317191
734823
613068
340702
403736
872724
632453
737906
359255
477576
155350
531956
864178
932202
383787
944979
851146
579368
832516
887200
792101
418410
811403
885347
648618
479409
882350
953173
392229
514010
212303
743080
317083
239478
535020
278270
309562
219489
384327
741900
842059
544955
472040
506361
5569
218393
452170
596777
116102
145897
731197
600459
485859
122073
997089
341755
493035
826659
584373
874738
86945
832738
251967
255608
613960
552277
864393
549788
844764
597702
285130
201509
155917
253449
820406
486566
160378
350271
209138
50571
605752
3580
367750
675357
103905
377453
740491
786819
625735
193003
376126
457699
857836
883789
484661
756205
222429
168963
501557
614353
544627
193675
161532
227016
669920
604082
409353
566408
625235
108132
318604
527052
527332
616085
438756
958683
198171
644881
831777
378745
242737
177369
271484
465530
205241
167695
794497
513427
907884
471595
702755
847835
658533
457482
541697
868394
220217
197774
632326
70015
686009
662403
874234
612279
712843
58470
502140
305325
733150
229711
889939
424867
620660
306481
916169
159633
89780
611737
637603
311872
309035
396508
315692
26510
775450
938659
889858
928119
80827
534438
608975
70931
320788
865587
515821
841434
456524
460446
387405
243865
712744
291668
155673
139636
267514
617046
268836
46930
797137
382633
426953
185296
930969
278109
508118
504081
830118
371994
476659
642668
930276
68594
84090
583164
552853
236863
583068
311007
279414
733992
186870
578778
675643
903988
158400
785519
39596
325252
535321
396618
827865
148777
669802
856653
141785
542270
585607
423084
720226
324469
541323
948434
861250
297173
290417
971887
359322
307967
814683
51386
355813
372025
505477
333432
487160
537897
848634
53185
779295
254350
981432
488809
278400
430936
853449
85785
769298
509747
480418
750831
888768
394003
597475
875199
298425
227091
765957
596273
761028
243061
46604
546238
193510
852561
913157
690930
384963
849387
882153
172634
897396
107666
574626
322632
167548
268177
458544
573915
309760
111394
514014
771905
784628
882901
398563
799895
446613
872389
877355
684847
253703
974200
326878
286965
759182
969513
721633
254991
757236
23211
855932
879631
360051
174411
471344
726476
787882
687254
144968
759997
45239
127207
187630
706207
100564
626081
516979
589499
881438
54850
780659
691797
122891
16748
314380
500209
364760
812681
139109
81628
35267
707797
122380
427725
832354
216116
807401
246120
23736
285945
701966
802871
194329
260258
481963
575369
427506
700631
546130
715162
282071
709427
270140
61252
155182
819745
861695
401862
670732
458125
646434
459946
253707
804523
270145
299891
821099
969755
956304
272576
207513
47593
199716
110281
709398
216010
698526
816653
543848
26144
295275
861530
937368
15204
536987
746863
923253
412959
873836
55671
557098
65310
45200
96774
905607
729469
248886
222117
723365
789992
255362
853159
764837
870842
531597
962976
834410
864448
678532
901505
927695
467350
815497
541988
667462
423502
369587
508199
732884
968473
641047
209577
991081
13876
504841
433595
981555
576477
839872
511894
524941
871020
9464
718803
108774
298296
931435
429613
164289
906348
835193
997727
294013
289309
342846
18910
31044
615743
330519
486190
502957
105705
187070
21146
201237
951130
230025
418797
888149
986403
40668
199318
934042
918431
893052
639165
474438
711626
464013
455313
595512
220934
201848
513050
803291
276051
909547
279307
630282
216715
397043
153448
324119
299408
3889
723745
90934
176868
542452
742849
499804
443176
828032
491725
216887
16105
713867
865242
691341
598869
872001
709168
737281
894626
166987
646782
710364
12476
241536
966471
974053
406733
276875
218501
654136
444468
860898
311104
112721
889018
556562
82812
772233
313459
47377
900018
331203
625088
95994
517470
798304
633136
228793
328128
189352
325021
335648
418817
795922
452398
348410
911591
664379
738771
518469
494392
5336
744945
18919
520772
242421
946255
671453
548905
63717
585809
133571
866678
492096
787343
426061
691587
927174
196288
779458
89179
16641
499084
820067
7410
328880
609620
830158
19278
818582
973958
815286
772656
516298
791319
932742
972167
572333
898629
668842
793182
809761
183725
408563
728905
170179
188910
794932
388518
259952
848489
969829
973519
257932
64261
390488
406642
377318
298228
972751
135317
358188
494781
463518
171543
711226
431660
245336
852837
362245
48701
304734
624139
575750
670574
10895
960891
889524
654174
918480
18902
415726
157574
559673
428171
461569
79824
396757
679543
600666
818480
938177
194741
751324
271038
785798
454125
46354
468183
371672
520116
103548
396486
164761
646132
596480
843299
709527
895978
798902
660357
690198
636980
522236
571095
387440
247375
898135
721924
912704
978238
737957
312163
347804
915570
639076
84519
511609
102662
766410
73919
317679
58110
178788
995202
334234
201633
223176
279109
788480
926408
989236
203311
506504
653102
781472
523672
476493
358639
988119
443685
200734
808760
870632
797349
956252
827934
682296
72386
889279
574328
176096
281644
678647
250679
782862
804450
426799
501491
811413
840777
101979
245387
502329
953355
818524
285759
184282
141718
425779
182944
907795
33609
911345
682822
421303
490027
921323
336313
239535
958606
898350
870154
623697
402322
449441
503681
857436
23077
524157
58817
959301
514082
341726
871783
558363
461454
459772
761292
353031
978871
424381
458515
824953
236564
943066
281235
530049
658812
540252
858450
996507
508327
69294
959096
895209
154857
576655
985450
763714
5518
520978
329123
294057
926761
893909
462574
633605
39464
95328
881666
601222
218851
791292
405134
149672
507485
683726
725267
382154
652847
77429
493916
887704
394387
297797
327294
821589
134769
348683
660263
23077
243319
286034
916427
50913
349652
963651
640010
885680
438363
649324
466723
938237
141027
328649
578841
821397
670490
258182
146665
119850
389673
920482
883947
661413
527249
588679
428553
571664
767182
391363
13128
421970
147236
889203
728801
167067
52139
781508
671599
607702
816682
837269
821781
862647
445042
691026
198951
231137
999943
256423
453524
620820
942619
153532
825072
314246
79148
678828
581691
668462
279886
257409
460350
652250
340584
736611
669992
503594
454613
146813
143335
399980
481245
693059
53648
159442
502189
379202
936209
912587
386678
537125
733697
656640
628422
344
837410
513129
521910
866481
797943
949787
244362
250828
410243
791971
814853
314320
26944
784946
403134
866234
989602
788678
181106
259028
258284
199941
408394
45881
47692
682622
4725
434076
674402
910658
439439
266356
402052
976125
959118
873352
550168
968199
54037
885258
285553
472090
161632
108913
978293
172023
909753
305020
613204
415859
464641
373924
189345
725106
309464
349237
884987
283534
899126
31598
474596
430711
174269
314614
204538
314102
481149
401738
950646
79781
971401
528280
521345
329863
906434
869683
430385
746827
265287
159051
839909
962930
3891
288313
303869
201445
393609
379485
732933
711039
919420
549638
576300
786210
455709
978052
516958
982561
475640
647444
792612
821510
155252
361716
125931
887637
287565
221182
944253
602353
438731
217496
602958
665328
98771
852395
219790
412443
268390
836936
7071
394046
28412
497162
125247
284107
478358
747943
781147
708911
297773
523921
302676
609008
231396
703074
98350
634598
523349
43766
885511
43375
317066
476259
226015
526792
574029
168057
456397
412787
284700
807410
844312
573982
171095
187935
983340
710476
622135
594006
547883
955270
115017
607047
206609
688239
91533
646275
946932
425475
461971
129400
382582
349767
968277
599601
819488
945766
588232
183503
540809
371600
635732
450863
387904
879527
491355
665748
546190
226943
228519
745740
84820
958962
400506
749357
61870
290003
31719
222223
806217
195832
361983
754381
932611
912355
238988
183254
616957
417662
426113
633022
470733
550514
326034
788666
659331
788490
153633
478183
547254
676123
248231
208437
929856
295984
627389
635475
710199
485804
544727
738781
565237
340629
689047
861632
171555
257829
295126
564094
733566
75772
825299
60719
427353
657909
742766
980896
214099
905213
570219
9352
453183
609743
703215
490122
644841
929953
500766
703541
409815
544377
25834
382699
985100
34040
130931
52461
631310
946484
58021
289459
964742
820401
975284
689978
254863
733830
293198
218937
141485
999832
141390
117387
634671
670517
941586
862034
405594
932715
680701
309387
275346
475031
299756
634314
323309
573748
290096
522514
773665
633529
677738
74941
8385
58306
764622
831130
252919
110740
570373
870348
806414
254687
374013
192533
116473
287273
444357
643141
934410
776313
163672
440359
912822
413978
849381
479
52540
602814
290535
552154
672374
426459
185588
138587
932152
827249
811958
731424
803274
458755
661965
488324
403958
200485
682383
164631
388890
95754
348613
360488
777033
251068
119534
57065
533219
550911
828060
709014
802926
255662
958543
120776
1608
423934
546789
805011
641405
131762
335598
799162
436102
336651
893428
146375
889494
497776
247087
277817
240763
657655
390570
90052
572638
7158
362619
602292
19815
473267
805620
822291
951524
869732
931848
886180
780375
981498
384397
573237
839405
378047
661664
832790
983238
921828
432141
857360
884744
500059
155130
475542
462983
676960
15953
663744
374283
367558
161687
328724
712492
706174
363665
633627
314825
339100
847304
981632
847226
120020
306584
960686
489261
224899
257953
703388
117468
512545
656213
808146
263406
39220
957788
885497
652032
216197
554396
665467
421966
107151
784893
189930
300885
842937
515053
859291
739350
569434
231896
756888
996370
293401
731710
844833
790025
615051
298230
198115
74785
72134
516912
517984
96156
238062
491612
741717
491408
845925
919998
707887
111031
256325
356633
547734
392975
300064
666944
791734
982642
705943
912432
193112
545025
265762
727023
202589
171215
623293
630081
235705
707539
985545
607340
683035
584326
416631
152729
531756
672486
663681
611418
946535
347106
255530
870196
387784
941291
573551
322662
476996
11885
607892
254128
826490
351230
827285
203288
989124
421340
537475
245635
844969
66937
702378
944933
330875
33721
485286
386827
880601
14675
896306
245506
9438
577419
313372
251604
415942
431531
102475
286884
572144
621127
115870
433448
228014
181974
199610
215441
569620
767429
47151
633409
484400
589089
429351
591678
448168
652447
627744
579039
332163
625878
779689
628811
188015
452520
76481
641979
58879
170181
426279
425848
779891
289656
398592
395428
528148
515480
762616
49635
217587
48621
988000
501824
575189
204235
425204
388098
804539
348790
302545
644379
286953
54146
809840
117611
347713
354608
680139
224402
599010
781459
603367
87775
640398
49877
861335
960080
459278
781417
316503
985597
456604
178456
642946
995590
139917
843205
597567
830368
84573
948269
550080
839951
294076
532266
63519
136891
572301
80857
396199
826679
162932
864305
321773
852048
864689
62988
631507
626289
151109
797297
178847
14237
40016
886882
532545
414515
797620
713036
28003
718728
953137
273891
738239
155030
147624
626816
971145
593240
747402
55901
469987
224449
448579
688262
120258
461156
567483
305024
107840
166524
776454
782512
964336
780120
790637
515626
425093
440219
132061
935643
532240
779852
311432
57087
805449
636417
698448
298507
783087
377760
42112
246402
319527
952694
315682
517015
750420
5378
831436
593744
424149
424215
766069
39559
661172
592269
719565
419314
140387
398867
330450
188497
236322
779386
220650
227380
87238
673409
629908
424290
969815
325892
965114
571874
455064
757981
825757
586018
202839
368858
498117
990072
350584
19770
727789
349494
176570
352831
308854
182711
384338
596284
436130
204198
63228
292792
44131
251811
58611
362035
421307
913704
18590
730191
307079
859990
945944
113642
205965
72614
9451
954518
42646
382052
854665
853183
899227
708936
658504
839887
630650
69275
778559
658233
423153
327218
694604
544005
796637
9036
886855
424220
182419
880509
647474
79759
279115
548492
618963
109500
143262
903183
130622
34747
266917
339630
989302
82870
108467
603219
15194
86985
409857
112735
170352
548865
915582
869854
668274
988183
688027
414669
204186
903285
888130
973302
863855
79187
588040
783737
639009
650684
259979
138827
31274
160954
80137
877898
692172
68314
828871
348666
26590
163109
836817
325231
748168
415346
948791
645884
12582
100679
678901
452176
753586
298743
314719
679133
994663
431279
750043
603494
909308
888163
583022
241301
634149
131108
874860
2474
562440
377511
255846
617380
577288
428941
98451
100072
21970
513170
480430
323310
639818
49461
585614
942100
379263
57551
212967
15565
316997
588957
302049
915997
725527
876934
675787
636036
907816
813143
717342
39738
495773
49306
747014
217606
460964
613448
377024
735961
873119
944620
681701
265920
154336
606322
70380
561726
390240
131164
646056
307694
964106
135044
359026
55452
334430
378761
710527
716719
709013
758037
869828
282743
482404
995656
41147
889074
736070
751609
546260
722438
107791
632577
638691
115247
115752
137257
580980
597431
64826
77686
929641
861668
632751
512098
556693
436987
244274
79152
891067
839787
567852
278822
434442
604290
204491
602649
46982
816143
457957
935002
797553
363585
490368
336784
227453
724362
197816
389811
68361
174813
960051
639084
848925
8405
786791
174196
643149
615316
306035
98647
247186
807571
631027
32237
144485
926506
658510
991972
312081
524211
569538
120751
579840
444838
616256
228822
190102
518942
737571
80610
684205
730470
272965
689456
746706
748218
621166
483494
941071
232024
804368
730366
643813
183318
245977
49293
400735
263334
329236
842643
189368
495795
812170
956940
840602
627571
539453
33691
511191
967444
35586
753547
547215
193414
82528
673002
439590
200794
321310
465835
943944
682516
210701
777683
321347
840092
940673
238115
947570
478175
929369
378071
940759
137353
824568
114295
11310
651064
62688
949691
490170
479346
185348
377824
524255
710972
382968
342756
189477
352550
530822
268252
713252
258446
478053
311341
14854
97479
314719
7646
156486
291804
570986
786313
524771
614822
441231
905513
686652
934665
327281
678075
821073
156520
340918
795027
325778
14917
198694
570166
582133
332678
382874
714017
33502
900640
513405
230999
653403
591415
316569
902711
977365
219892
679132
343978
176879
609563
630264
783572
972607
439102
905713
141165
346327
474799
17423
873784
951473
465983
942015
688106
579717
689441
708166
495561
568130
243696
401359
340241
526232
731868
505167
574215
198550
280531
2500
814228
324222
77511
184253
280575
627397
884512
231161
646909
840977
780159
943264
329018
363196
493259
128979
800159
175795
171114
507133
621212
797097
301753
192108
990266
422315
944727
641292
475469
680921
4583
339931
817967
12207
576054
222758
266465
233108
999306
104829
238749
933434
204151
801545
946785
333559
97857
60234
894397
976759
792240
777416
742381
190743
969619
918734
692918
316726
662889
402828
227720
831569
676843
441594
878345
538553
795131
669937
780495
300802
977599
136883
901964
610190
125133
14094
369920
708089
317171
347780
949690
413731
859288
465453
355840
80564
