389925
820411
55479
385525
148123
794258
73528
898999
2444
276847
451095
811621
705141
950814
598040
280511
754085
398232
830136
305884
936173
45497
483343
994869
243766
434149
547301
66202
607546
485947
504803
942140
450267
515605
171128
713220
840697
454061
806879
48217
671521
388674
204766
213096
398571
946012
138317
810664
941823
316918
596984
97431
47128
858855
808878
681223
287992
317287
822125
105299
580700
519975
955578
156496
187575
135584
921016
940006
739104
662657
306643
420966
20246
388167
362312
757640
59743
599214
661047
899553
670758
172102
527685
883933
498275
19337
1919
172170
497121
981575
617471
130194
35598
173406
878942
226244
754843
363998
729233
583632
563314
410722
803486
579278
994157
984488
98661
67968
294908
629828
585962
335026
485783
176635
459919
340325
548967
787060
497507
637389
5029
947781
378790
792435
679606
271963
297781
90521
612663
573261
769842
81080
548869
80359
137393
729284
757971
723678
570586
380077
740041
644682
531818
754183
989300
701189
786421
747961
776989
659266
953593
358752
582130
879073
615455
31756
516054
15411
928458
701429
727952
945404
929792
18943
708065
401203
656118
707848
93732
11436
776820
139310
394993
195243
574245
720223
147916
436946
79581
334694
914237
941281
373032
26154
31099
724307
46499
175546
838568
923205
346842
167284
438238
410093
617977
369603
468058
546949
860428
395147
157436
254317
624694
74215
146477
974680
896882
247142
126456
22452
757624
860136
764879
516248
439083
736222
734407
851367
718523
816878
493297
660234
129349
213006
917111
909493
742104
666805
315345
953328
556229
1331
479450
517264
323264
407153
908484
190363
496499
191165
290215
5758
139309
896055
957669
510452
350587
387647
408587
799220
333328
778942
402271
762583
144039
196266
211422
242382
163800
944466
319076
371901
472439
54822
355459
937480
700745
789389
434731
501701
974090
512387
188049
954641
729464
796897
566915
514723
954373
90938
893009
319959
434885
181603
659855
867588
263725
999219
655087
838355
559671
555198
6108
619151
85685
78703
436576
256956
257306
899674
749973
768983
327971
349615
790830
599751
324165
64975
59053
160041
995708
590060
880331
870258
307124
855467
682004
89355
951211
566028
457443
726965
743990
223435
829427
47652
972140
901150
126250
838368
761581
947363
661242
852583
324784
359052
450748
323715
796950
162388
70962
233057
505152
766618
227954
973814
587625
910387
440357
460108
908371
356947
161186
891999
7472
347450
70188
803543
962039
1254
428947
876653
964607
334971
366291
965726
835524
643120
72395
27213
141100
211695
808039
165014
413569
127798
722571
866056
80734
20330
524390
919208
205334
937169
712222
238443
445572
902166
188629
268527
206977
651224
706743
587577
633712
842704
871531
102540
607892
957093
543724
3548
626978
729390
306145
657311
843567
49139
627652
172573
368023
55778
338913
531187
251874
739332
577684
640643
102863
372903
590573
16039
330914
870422
45759
228113
421571
692377
791761
483920
711762
710810
955289
77607
426504
241577
286054
794677
711259
536826
220458
677754
357501
993144
268796
591582
304340
479954
805664
668836
299679
577683
231302
519635
237320
912502
882639
971872
339488
447826
958242
849203
228060
809945
538591
755744
173358
154811
212598
379756
696093
565397
601376
448496
436271
982858
957993
392873
523643
595051
485412
983477
853143
626182
489347
415684
624204
756096
860232
772553
685066
753408
976382
831627
441825
558290
527660
303797
893594
157414
885157
241685
38988
888776
835156
583454
961528
228076
494833
671163
149815
193253
70547
149310
532481
107006
853625
194387
368660
93371
527692
326880
393183
130933
831591
327895
903001
49215
855211
228963
707715
79792
96762
381579
740075
960693
74684
688002
566205
894196
29421
585737
300144
171084
373736
902913
663925
558446
11540
641520
344139
418215
97088
220136
644557
180854
438793
89188
187621
760132
17350
281300
8418
827516
197175
744699
968355
310814
307191
693885
721483
221936
91730
891978
911047
912119
764635
842690
987481
903578
751582
270632
45025
583196
460287
737266
498842
507856
534002
939828
606394
65217
665525
969495
657123
877399
312535
425784
347995
180818
861702
84984
883897
430814
244940
731597
75946
21815
109648
661775
935783
388647
811247
650025
200473
345222
306073
15666
134592
500845
962642
996144
621550
651596
214627
260015
495332
131921
687318
398505
550051
870502
462083
649964
337574
917443
323504
38014
437659
910119
39204
584495
972181
526555
450433
492085
73019
472589
723561
621189
714267
315169
873031
925352
122288
487032
285888
689303
999246
574885
883798
445385
635558
408042
36385
849071
267292
95847
850358
139603
552141
721744
623809
605306
515695
85380
460547
998819
312081
776702
956115
770702
255390
322279
346083
329527
718266
233226
786330
784691
95176
889256
876110
981394
668344
376278
324994
753151
568803
344329
137227
864617
498614
791111
445448
174111
509921
202656
331972
937265
895180
511900
908485
198371
802747
429788
810079
747964
350208
192271
78539
634470
679940
679033
121669
687480
642519
441227
135593
580526
520645
645383
112017
275334
525868
427405
653740
890885
586540
723844
682500
997881
575048
302904
842990
784612
323770
920822
617160
542760
664379
253980
146372
837982
996000
162956
199751
969826
326677
416765
852514
426725
721458
849605
805570
2283
17902
394442
749573
131626
426885
963196
513358
237922
145769
793491
554286
182442
824273
655557
536366
11646
436595
576324
407166
264775
355519
614579
317879
306632
905560
57518
856537
900987
787474
711127
590317
908394
569151
171958
926545
659394
512616
975637
130231
204403
640778
703458
107362
447065
926701
859632
555096
3271
223853
628802
733476
258247
842423
15876
609897
673459
752745
163418
736120
249855
881164
194190
806995
264983
288400
247219
810626
728384
343631
929534
983528
776485
547379
899936
142726
817992
51686
312326
770615
37827
429320
332523
133120
687035
51236
72967
324048
164038
419676
943356
738497
978818
593307
704149
784892
635054
290337
390813
738702
764011
378988
238483
466060
588871
189644
992668
56622
653642
601130
259566
757212
37388
413641
41457
131649
31890
78059
287802
679387
328029
773821
5247
279984
101231
287608
928534
376085
294491
532092
397923
508012
50428
409613
545299
615339
615555
896525
296935
973319
591682
348603
736969
871439
393480
490404
201898
161242
244257
205271
380713
903242
574723
26373
229471
103043
257838
382854
985278
277121
325255
187155
774808
636937
422729
495141
735834
944694
378328
40968
624708
259113
337353
826552
143487
501549
640435
79382
677832
928268
10343
182624
461281
530883
52240
748377
369622
232124
234729
691967
627972
479441
946624
421017
637551
720275
979134
719858
87922
143382
410459
276212
470493
275832
273786
197278
14673
982324
967294
744042
421192
857584
731123
255110
961441
158656
54683
