140553
687778
207776
963778
372746
149940
757083
259737
437232
58232
778692
240667
191689
870552
301076
998465
513804
427738
488107
55680
457822
602270
755356
410074
981566
392106
18505
177786
491083
552966
568764
929625
440033
326710
361852
536531
297586
57625
351774
116080
690211
937759
155105
593072
632786
744991
43777
462161
623392
841582
983787
933957
842538
327205
289727
221656
186013
522274
110984
794842
660556
720033
842605
981906
351000
489451
418408
660703
721650
978722
868259
256621
830974
529922
479759
658047
46526
381904
421566
942885
542743
557101
222811
598435
72327
110930
928291
298950
668039
321037
741880
579655
727813
158297
582011
415838
500748
856836
906543
144174
407802
194443
460813
852576
172295
718446
930874
232074
458080
696903
290509
901316
894865
286770
358420
179269
766649
666651
981608
165194
804726
527506
545029
497711
16328
751027
294477
404872
314151
470358
478770
832368
440731
45744
160660
249916
314972
271905
735047
78648
960341
467689
976248
208980
842054
561944
398098
728468
650382
385199
22292
450319
988030
264698
926963
685938
651175
785194
111309
574874
763252
549557
725619
749307
845246
739520
670570
16909
987348
429943
501044
86876
129741
818696
787795
724944
94473
584177
880135
398231
771430
269000
323488
250177
535879
149931
83431
394372
243368
411515
956041
581125
17221
467363
512877
403691
728758
20042
90497
473203
377622
639906
401574
455694
66712
952336
513381
914174
663667
957810
870400
737627
615930
195634
475524
658361
259910
466181
741544
143538
800638
187910
809612
116788
875585
718320
53197
326115
900076
441141
713433
336132
87410
815621
734162
682587
878013
617635
808865
883267
811780
504623
52007
888497
667096
248035
407822
505639
18750
788018
676171
18850
705403
552018
346804
887462
282029
100747
540338
226760
843593
357901
544326
662659
905587
905647
837542
898868
412077
946864
72459
940693
773222
755751
385827
908081
793004
376372
450130
865686
795465
853369
434057
377034
183400
465161
623896
218620
11756
109557
730884
725830
247935
471094
340719
860355
229858
942647
655204
965958
260170
631026
376180
866519
804285
400689
493529
727015
846887
41788
856711
283974
711307
551320
67796
37364
150698
227522
269583
844587
401344
913282
123516
554787
216199
990279
760098
961287
149712
4337
123926
596307
305814
912919
850093
838389
999121
840066
798601
854430
369027
574809
214828
676019
446830
295919
5037
349427
815455
562838
664649
43924
895079
280099
82456
315133
253217
943095
778494
899933
607428
435760
145806
961154
262842
395261
139323
586839
922204
458245
361179
940228
412607
626841
134016
129303
606050
816855
888996
156631
704293
997501
557672
777126
870103
34218
630462
46394
975761
356952
95192
519027
101479
99650
957547
296659
462754
480216
39192
187991
549625
645240
658488
456959
713739
1077
122126
613782
955463
403675
780722
404975
945886
616411
723123
640416
234401
316067
253489
706972
964921
702641
31614
935746
582993
789981
508953
465407
402312
876323
653392
990469
376274
324760
760060
749041
420905
968989
98216
84172
515031
156869
745243
164811
538375
1849
486725
984311
751392
674038
512377
970900
102416
193815
646214
405907
261540
209141
705277
402564
703251
794630
432056
412812
723093
713906
352017
973372
295168
225183
625004
596539
953132
345129
194953
604557
104941
589365
508406
60127
130609
93466
84695
517778
351561
952782
227113
69623
132630
305018
131636
75675
701834
583640
206373
228932
523167
522699
608313
855189
885611
243624
819157
29995
843333
380892
891167
676708
939456
845429
643925
642990
461240
585757
801199
170422
207553
868792
71869
470083
584812
432610
932548
386533
369456
235884
92924
742988
662665
603441
986215
880988
403047
24809
148443
889036
659148
320522
68388
572444
890021
560732
555378
636602
680986
24387
79143
398791
408230
508298
559348
940121
971452
25204
302603
944729
664109
61990
155690
295755
608342
147801
98455
769822
535775
505826
744758
294901
556924
693901
803334
806113
960224
193321
704906
334988
55526
144446
69787
257545
885712
699966
30633
639361
772360
883597
616041
241699
306135
852085
989274
857808
324836
665686
329185
742208
602664
56017
109286
883297
961812
229711
96597
963882
392935
559833
679588
118337
927160
798503
696128
353812
702619
771809
615842
88549
677997
458246
401865
588747
468950
423671
361114
568616
857438
509235
899381
519775
354197
247265
704533
888883
543723
147127
376927
195708
712445
367421
273506
720827
615121
533844
159035
697622
468398
838512
424244
776889
67334
970680
805638
955706
518997
395800
721608
913789
997857
447043
52323
88571
949423
330761
708037
148518
175762
606618
771507
770096
420384
373949
195689
454555
608007
583002
843023
475897
38411
44559
474072
584658
642205
409851
546341
320572
567908
729419
604679
449745
793953
552661
274521
463599
564146
527695
220492
646578
597585
552558
11336
917905
588583
504291
681427
187247
893835
767593
785626
159274
958809
904167
496339
810692
263004
558910
267584
528686
614758
908009
696220
529639
639639
366273
960816
382658
457020
381141
340149
670503
588070
121161
408662
272445
499361
196737
872424
753092
565192
52137
713391
945069
896358
334903
448300
822481
720018
946210
723932
17355
543346
97554
525879
532857
166801
947571
190785
603046
299760
68525
891450
367026
392129
978989
498791
348182
588181
827493
877778
244768
233535
820506
731124
201241
248846
572565
259051
404383
385353
933112
136850
914606
122547
13474
798465
902285
918897
667785
817265
964228
226139
729961
802216
607551
982840
897814
327373
276590
594258
955197
601499
952185
384556
494828
789437
333304
298226
741977
717554
474054
848584
344465
477381
57491
132510
350620
598296
51220
190656
90707
751078
540975
948836
954535
278316
326117
720963
569167
844197
389562
401550
315357
368541
762493
131549
97646
246031
667558
362325
727240
138371
839977
213790
726107
462500
768026
568054
554384
98740
428702
227
496920
970449
579389
783120
918560
749403
901125
849986
504655
412025
851029
898238
838547
172934
398154
185945
694116
964505
343401
86598
756081
992110
738072
105739
84172
961331
248415
176951
503412
962678
646378
611592
644910
320943
33403
922472
520957
748483
755697
491179
268364
694945
85074
537262
167179
997652
556007
296715
261984
985929
719777
56946
640940
132758
784744
53816
918985
416556
164901
780710
523100
699026
647387
337206
905340
320945
82805
525407
1369
163316
792321
367463
98228
683532
136098
139545
75642
656620
27440
97741
552452
873361
718331
741944
141245
453443
997789
500761
641627
646112
459590
554778
25957
413651
624486
339732
505610
554433
159617
45296
396235
123606
364961
642853
556580
435214
16583
477845
730305
628095
970013
583765
993350
161227
161372
699609
948958
826485
892724
383860
713949
587964
467416
420675
646605
896330
526453
477635
37686
158471
485538
642336
314066
743182
825355
466132
294804
351768
701953
829566
370425
389343
467606
195469
788571
907769
308814
320096
539975
370063
865641
762745
932648
921219
823762
953539
212960
253362
455094
610744
393039
975753
142567
355676
183366
99580
229133
65603
78121
143150
917423
515845
132753
22061
759782
387657
436371
346280
269343
73335
347989
24514
633179
506272
21537
49740
200692
575899
12349
309458
72865
284743
586167
874940
558254
10635
382882
353262
857050
461455
149983
599792
559876
854360
801764
867296
234850
377775
280008
384930
737598
458771
729131
234321
120613
646083
469497
119830
606230
230286
484075
806637
98335
128081
694336
841219
365450
792036
741208
880229
718577
891160
869687
960704
607833
522292
456780
447070
30066
574378
347698
209617
564496
109584
906785
380244
477250
719485
312685
231595
673352
74104
66113
324846
961770
789766
460583
570849
664366
958566
372216
629632
591863
917075
327126
47047
982030
599994
422727
544968
847379
880159
906756
861321
237120
181815
744603
448382
989696
454937
860023
154347
22266
681793
695172
527615
884615
610171
82613
219852
107202
144832
322758
262679
726958
455555
646835
466186
756474
553318
846936
428018
99777
124693
455033
387476
425510
666704
504475
191399
90015
299820
608627
25103
418207
898478
528496
774313
406335
734052
768709
11746
508686
585155
366849
863060
159652
374929
263127
429605
690417
38594
655745
789226
54305
224434
80242
960291
171437
124166
614558
665973
966475
533927
427442
141706
543146
45232
38466
300184
271940
872994
274928
737276
307616
793830
638785
866269
32585
284037
859676
493008
961538
980103
72041
807102
759287
360085
805680
693286
500864
43967
340986
230477
594251
291392
442852
743807
415644
54118
125202
167389
716999
874619
661860
18664
30711
273861
758154
238820
232950
5611
164882
221074
116656
87629
550728
219481
690296
341053
777739
724262
154554
911383
36102
338602
679813
324304
41820
580364
453107
513622
895153
754349
263982
679326
790736
292610
205545
90009
736564
810757
112466
873215
735553
632991
814388
13117
549500
872838
752926
796867
574024
448433
441387
489993
595703
883005
612361
787946
522323
684892
603350
120908
44072
252678
685289
416845
249758
80565
44280
249191
820458
161777
952582
397394
44875
254195
849368
908
965854
640838
358034
192905
226045
839699
747892
393806
830699
356977
182707
251741
988488
448764
831173
748293
50716
164619
302581
817145
762121
604882
185166
869199
606555
19166
415437
962075
509071
335211
521745
395712
955904
780021
880234
2306
354499
715546
339108
161045
638535
404734
503129
925214
189173
721731
50556
601676
697146
435592
814584
687193
611602
667901
133343
685742
161153
324258
925988
500798
478178
7229
166271
276231
822642
247878
600690
678678
996725
365366
862769
241610
253095
749995
550233
384628
504312
696094
556292
35597
311300
434136
336271
573083
837681
979469
224381
427205
13067
680109
638398
891448
736982
563288
310642
792653
389243
465368
663763
79975
560635
774584
748085
595004
928114
160082
444597
407057
271511
829588
884857
922103
887235
60711
117085
346743
154564
72857
913568
536316
931605
211711
234098
726887
449831
47422
521808
796762
780089
717644
788749
191903
978725
921409
670857
292141
950402
823604
687001
703205
1034
757495
410422
384348
122725
904094
157982
216638
115639
673865
938055
476642
905026
188909
714054
25995
656675
794734
397937
415453
554775
986203
6484
64833
436938
172829
454743
473279
768529
19170
735843
112735
663565
700430
453759
371367
152612
544327
364541
570951
42773
876418
247728
210071
705330
220949
370834
644843
484659
661808
888327
76067
819293
75569
462658
105794
10679
779255
236576
622012
651898
62853
496446
612947
9527
335639
824223
106205
152011
340300
784457
488833
371215
362901
650855
310084
981424
775909
450697
448720
343581
883688
9855
340452
424019
528852
342356
523168
566893
661407
98705
952548
465477
574171
964563
496448
634830
161267
42193
499480
62648
383364
280075
855655
725775
441659
528877
656802
676907
822906
609069
495958
691650
597376
859926
978180
204825
24303
410314
460792
531906
548137
232341
388870
903427
309467
660516
372951
591365
28073
938532
854574
742586
761412
302149
12569
663873
923953
367348
245994
614255
376275
859151
38600
715579
858177
818244
878337
540449
474575
374204
674166
688053
157826
31805
605570
360946
355996
103774
268553
309177
548476
544800
509135
711741
348826
849730
128076
645888
377524
419585
515753
347213
490322
408204
479963
743869
871209
346373
802463
771550
268746
952352
694136
689908
720330
241405
988309
948642
743498
727735
741581
523908
6750
69487
460372
18144
144194
63134
874515
409464
352300
790742
789026
371922
177496
801467
401265
574490
329273
795314
195576
473789
359126
791541
181374
937054
776120
795993
93782
93081
146363
592544
118117
173562
591571
515137
655918
44617
795096
295206
634974
430716
300402
899464
714291
705148
400492
610479
935359
911815
723862
756970
618142
443114
442789
486877
576452
523088
640727
204981
706552
507056
757974
506749
201754
692585
275919
318607
746455
324477
154531
360681
737558
927136
535548
297676
580980
740895
834324
33243
882245
468102
756167
310665
708077
751044
279185
408223
300695
106693
265577
564006
336763
943336
462357
277564
893888
765649
172187
621610
421998
263049
566420
77117
760600
601943
521984
233797
466573
351471
190544
286680
76106
767058
514481
367804
16558
21168
31699
623965
746022
906630
667362
631201
163155
547419
75895
779574
403906
727590
798712
943286
789992
852499
499293
245591
27141
658692
313933
381226
741721
260697
727367
448354
216796
181082
16818
844649
534916
350833
551631
47520
304072
889333
181030
398019
991168
274457
221356
875700
443426
158154
157946
406247
643067
509848
623646
904297
705280
825801
288304
505707
288074
477279
420225
643052
367824
886321
453954
538387
514261
133256
362899
110897
134060
127057
977557
617927
716097
832443
807025
48379
886378
232534
290319
261986
629118
152949
241961
491427
947990
102236
519002
58469
735137
175494
785453
248112
394227
61274
418304
82855
218707
625346
74524
684848
16408
283216
877847
937820
822742
356041
649488
877679
267174
976857
355098
63034
548804
551054
329875
173160
993171
361659
823239
718206
852559
206424
582820
656957
128486
262796
738955
800705
810035
822858
84088
914907
84957
984611
666537
543322
54885
925224
687641
77053
580082
89269
837893
984466
24296
602790
711643
982702
959189
864696
969897
834981
799720
101345
379020
906282
43691
784658
286753
243614
992122
545903
978407
415512
489956
947630
771594
566892
598021
972102
774257
8233
920395
962115
552230
472135
509011
5770
269860
510843
844389
959422
9303
190044
920178
559432
505923
510947
201945
692727
472108
206454
82142
500210
430132
289797
159042
981700
188206
347320
300514
575489
259284
287572
86758
831654
553183
433908
535625
175724
89893
782408
780533
833337
799966
497042
997993
291647
903641
942064
903862
352002
544931
807648
745198
689594
509154
783088
109708
233826
959759
906952
663684
997296
482474
184117
797039
795261
247556
440490
247957
82595
202682
966179
351875
707331
913096
547439
216244
687026
402611
242979
874270
976883
418494
450842
196725
105796
600820
180305
262096
183226
870768
172900
823612
622710
956131
725212
375185
587823
641423
925961
624169
675992
848939
290700
959523
674506
691084
376218
76997
329022
770829
798464
269279
943128
422073
774050
957297
498692
520814
586663
405718
789615
291200
860182
683903
272253
505365
359062
117450
414638
782601
864946
161706
33661
881809
255552
17874
815932
836929
905999
392237
333801
837013
899906
343396
706410
948575
647722
872130
890397
954123
919450
974188
779949
59164
851300
965783
563005
336582
408477
342700
357880
740228
956136
577834
356308
578032
914450
676680
200017
549944
332053
81490
381483
245604
788834
52125
698144
632851
237624
492920
62333
625022
277925
891463
199876
660735
594107
131759
16889
23305
307438
965950
110600
404286
3346
423759
886450
29147
18537
730509
186178
997728
671297
615274
171553
711516
28943
123873
363209
470109
635752
591540
234718
659248
580661
175018
903575
256355
443100
508926
133998
987029
17320
519150
290762
512926
515651
396034
420545
464976
69070
424680
534365
594783
415373
291637
303665
607942
859267
146957
353639
82868
817723
356845
959001
282961
901593
402613
452707
834184
26385
407320
887901
451737
180096
405087
200667
865117
548624
812386
818774
923429
580585
691539
319763
643210
108010
335041
190823
623489
72189
85068
649282
755887
400111
286100
281107
682305
825891
990357
726141
994704
901045
512483
937273
80820
411506
31312
791887
444893
732668
476727
55398
656367
158055
978650
383466
463972
639863
841007
543709
696625
52297
237793
961405
740590
829540
739721
572872
267823
367490
155859
861692
466230
478260
926451
687068
575523
626701
335222
31812
922999
703937
513821
314736
864138
447879
124632
584822
631371
960082
231020
16353
737284
988032
624695
548226
89441
531271
697833
823088
217708
442780
861185
252402
216170
24005
379628
330973
859691
328952
616959
57042
258830
415194
494714
412111
558496
175333
229824
799318
400059
609748
154878
189660
819610
852189
359909
954834
179546
791558
455050
697983
135689
387890
403953
119856
800009
44254
315258
710782
96879
622504
222736
650169
668696
330051
400554
418121
199354
937276
364125
422490
740887
675574
103898
907263
900748
6780
970960
195503
418027
41393
799574
284869
398025
371123
630008
998235
925410
993422
591677
80440
778445
403085
711392
57206
791195
906987
400782
41257
438839
449158
251964
282924
849634
693564
562768
210339
511858
770934
460881
910829
287805
458695
330889
409171
168711
284380
78578
85667
490512
713130
641205
843427
832264
82773
54257
229901
28060
987769
337432
512457
119863
470367
476294
856570
235479
726596
366852
406965
87544
435921
251738
43430
377613
916678
14539
266384
593793
438055
341846
482193
765084
62688
568472
647783
701924
474326
222663
784783
686641
968955
432913
686185
448543
241401
261683
691511
743227
421780
217485
559144
297314
52307
581530
373697
317977
15808
519889
103846
854622
987342
219583
737825
745064
926354
179814
657106
272745
544324
893377
519775
513095
431272
254725
135933
447071
679628
67165
328247
86393
664609
449535
260223
895635
739330
309848
153510
816403
493470
968021
949215
42054
330289
243970
254743
622156
985755
91758
497747
155654
641341
89069
683552
765144
975101
402915
461322
276775
367149
303611
856048
230099
944943
15482
452746
694095
740564
965194
325032
901829
964947
239638
619241
360123
251604
75759
551261
178954
196950
947026
203532
521641
759958
316738
799194
731847
635287
854945
58586
628338
20277
214256
924593
38154
39231
693061
76780
392792
489156
275328
138612
797569
596817
876886
585915
350599
421530
831542
416035
11808
402734
340117
475236
434782
858674
382174
308304
170152
978724
17067
955136
756901
724758
162922
710221
323438
44682
667428
851861
325709
704746
221755
71813
972505
763266
669388
767004
170754
799469
395368
708690
83913
977963
908949
117510
793874
915585
231879
898550
274821
68474
669572
463800
28572
104066
822603
517260
805506
450400
909550
36537
468773
160709
486156
120476
702871
838241
954378
107372
878684
660326
873942
286056
374685
284553
165090
576177
102745
308229
556040
245814
51961
590143
632670
197460
17556
683085
709254
193339
99295
722641
530394
307430
677757
808970
976364
110490
788362
816645
945720
640485
514075
203831
84799
88849
793834
823790
603822
857393
56032
967975
913192
125148
531143
738187
965365
579744
331976
966061
59889
82484
312741
324258
919756
533015
398423
438670
647474
210541
209954
524368
528883
752937
584339
72874
832057
695737
852361
597356
16752
424214
948906
926045
132043
283674
171335
532142
818551
265529
141357
523611
973561
496314
188218
628473
277285
730068
730059
285245
511930
873288
818692
965315
626152
24701
114556
700491
279080
167154
612286
189687
919159
460025
901695
667327
357191
790052
147530
649251
92525
167813
677086
495573
517109
760278
555932
992296
676523
109514
322824
201710
786184
251706
51718
49738
920520
944773
807737
771349
583886
442725
788340
489226
791712
136870
919209
640920
909970
105693
454988
872484
700858
679709
653344
468726
858984
862319
913177
318170
787367
620212
578303
114771
107324
970663
35586
871067
161243
645923
641153
479372
522274
612961
941882
627188
854399
386734
445728
855885
240977
392601
423054
987153
77011
623393
803347
585399
141777
45912
304790
990166
629530
796243
131234
73926
64708
220035
862053
584605
4189
348768
701449
133001
455275
269723
154950
815042
583198
881228
270900
947424
52055
673744
102794
471293
912825
581525
672882
378846
382897
158809
617106
30039
745258
173798
472239
999208
966125
300113
678379
78439
709352
377503
924528
730298
743669
476909
329613
863395
853954
934193
909162
798196
824142
679286
704097
558269
940232
256055
683346
721931
648889
469041
679487
997834
636961
314347
676055
544783
808014
484035
818839
604396
623457
479501
351281
771719
914950
39229
477964
46003
694838
992969
258610
664362
507064
556686
158179
122875
554287
97691
264818
471235
2765
779337
508618
119398
644315
890012
33638
644745
245119
629636
966581
494921
752217
879858
463471
775389
383430
979264
819288
599182
580255
959989
214369
246746
722328
419685
496671
810139
261432
546511
858127
136781
341846
930574
53551
856654
321347
194525
341766
588767
288540
310248
859648
807408
267384
101902
616185
888675
500783
606998
10878
227523
501101
409789
295244
293971
822987
88417
468883
181685
661667
482188
349823
159117
769651
558396
208739
547457
73197
127397
207377
133281
980035
607201
862112
860611
738084
902498
891928
767476
504710
486905
746397
516485
412497
162776
105456
839033
101239
83625
965579
957123
511736
591634
957307
590775
133399
989338
357105
760684
542426
223457
60065
358950
658749
42978
482929
573994
533871
782201
865362
838036
783866
206165
693349
22959
773458
379791
669748
399373
99458
212845
337674
515533
11673
202840
562399
321569
961600
738457
395533
154889
79825
72674
663101
32083
897567
264190
677634
15589
815476
833969
401555
334740
678191
367849
220338
9377
212060
71938
262317
531322
543273
712270
352876
954479
980934
417390
764084
142847
516820
64401
554650
773813
58713
50555
185673
322832
519018
18761
862782
333949
866554
202124
597107
940510
334471
235169
242726
655733
678257
886168
485662
434310
168559
31447
949230
597567
486143
684002
977162
478359
433101
277966
961690
413484
555804
343797
690084
997526
846267
277580
794792
342610
313643
931852
946192
65111
75996
97424
131768
735605
315325
758055
6580
876595
105299
645955
730679
157180
327679
199372
362701
495153
996301
704196
394036
873136
346654
74388
609024
187701
797696
423570
965565
420734
213633
883248
83554
756825
513654
159048
674012
943351
487468
250220
632096
580944
810611
330399
582492
616301
788553
916839
305546
23371
270900
773215
872687
410147
350658
14447
392267
903800
830363
90241
780380
344170
149545
650781
342608
876065
885950
221027
389749
784285
753575
14494
472655
148876
140127
388163
643787
758176
81699
775236
27777
31707
750848
484874
295604
882572
259683
836136
339243
508798
773327
255523
461509
297961
456318
299366
312986
788139
100517
29458
112807
250346
13814
761493
145389
220699
948411
397992
187868
884402
654284
578566
97039
912929
964012
84107
979067
208360
896028
780569
838844
594422
32420
140506
800882
962654
387455
726668
700990
74212
524689
185088
482650
269623
334386
874102
164729
574887
672135
401405
730499
959069
947942
797782
911035
193794
491260
406226
250138
730240
103301
801140
901898
801167
589458
628599
85098
803665
693796
185912
695274
974336
247757
122267
192509
767645
379609
174288
32512
578143
413336
30977
932420
190578
273691
785414
611725
331944
306062
352169
396356
705991
117733
707074
283690
852943
874274
799003
986155
71275
162699
841677
574561
27453
68470
886104
254566
276051
542589
526091
725195
650120
610880
432125
74504
682048
572879
509171
749729
51006
140769
176731
38386
581615
191402
160367
564282
867345
837766
896634
455551
467882
462322
19296
737304
411229
189454
489896
868763
128614
512931
7658
270400
141109
826270
294871
254075
637224
774497
596434
790130
743830
896333
477328
223915
485688
229889
489357
551545
674379
735290
649780
721523
292955
343779
88268
902198
135456
957517
699369
389988
749276
634871
913409
757585
779932
320230
516548
558478
346293
537742
248506
841591
418576
714791
74628
353955
17104
848266
849452
558081
51422
478005
212998
274236
965296
245459
460953
748102
934010
704670
924285
544212
758311
687439
652746
821379
931150
503457
866820
181284
213804
227791
818952
391025
649977
959431
637099
264720
140781
487473
467424
960641
334369
664218
626320
437268
168755
220856
861921
523736
322344
330229
569048
298951
998198
615030
400847
455391
880332
779051
159108
45588
68907
454933
413543
448912
276004
731193
731681
182937
800785
140462
357993
24764
868303
120723
370257
520748
677026
812082
186890
589933
261019
690093
734
593217
767415
419028
338184
323578
371534
508046
36455
170690
401281
946747
572837
908844
54658
160484
992054
453539
865920
860552
50136
55639
204938
675460
863353
778302
939378
641491
993548
79123
319463
895726
820323
239173
317959
937977
577044
706054
954343
515811
448726
441428
113468
219979
772301
913337
748643
99298
874340
954289
430690
945248
80591
252193
891689
371312
790929
615128
653797
274083
543797
526050
43447
403318
87807
711608
758006
356605
58362
813559
62448
335159
144333
533411
533015
628591
698730
373604
257552
144932
837339
610807
424555
666536
283591
14094
589889
415166
553127
899172
14621
969642
143401
531353
51734
471568
392503
899965
637126
380564
863483
891926
548957
437158
168948
714475
493756
203393
619266
728074
141431
282406
871506
173918
923772
438876
235976
719714
712739
814506
580954
751503
689111
458895
956548
271439
205712
496875
174535
733456
425956
992521
630025
162093
733714
64257
435043
503388
799455
187087
498067
738984
426108
908719
559349
397621
473470
518272
369619
430038
257954
123516
401081
790873
44235
275094
319978
294063
919706
415755
424330
616884
944599
489431
263566
208671
400181
833285
369350
251841
516681
22294
246590
772123
647043
720756
108128
775537
795310
227958
923914
553870
75133
83834
558214
545753
720893
224541
66535
121798
388089
967359
89986
593728
607525
800664
42614
8582
680738
760109
733003
786753
244700
633091
723727
479284
186946
489596
477415
172073
464368
147318
427234
534128
819675
601245
567374
442528
819815
678513
912515
391533
522402
426738
608486
206493
770223
344294
356281
829371
177275
343730
963602
872029
587564
367986
908875
390897
100833
217976
593114
657005
713578
547913
212349
78179
234923
300072
641955
853354
366927
577902
267224
381056
308878
313680
144881
442404
406559
174306
848996
4015
948685
47700
65110
580515
84296
106838
107624
812454
939305
159407
283989
194777
54600
93522
769760
282863
359174
298303
3455
958425
213784
884613
194516
299647
526553
513429
822638
791705
512918
112071
124241
375598
853229
910167
35394
652630
383169
947899
752546
140756
419578
101743
448493
408151
46721
444889
684336
136773
488660
96904
296240
701834
594499
644632
161140
952044
743561
427514
312684
187207
333804
415037
928857
837011
918502
345185
882176
127936
125260
943591
864605
927200
531143
303491
231175
156810
292329
333752
338290
315775
617948
888286
145865
509975
518253
602157
437855
588968
130553
924517
916051
253972
22210
403233
78044
725968
155589
410283
581034
297256
581769
108099
272839
114827
786758
202217
138854
271021
523968
630980
806551
89116
520192
149680
305545
622896
148006
671860
143282
959878
389411
423707
811977
342497
913090
115901
561011
963573
922707
442841
3164
805914
895542
869482
198965
199142
716624
581128
114613
610585
320249
299693
581640
76353
71801
374628
324177
440019
613851
466369
467260
965793
503560
716270
144350
308356
385001
616289
383339
989292
565141
494040
540776
35996
346409
811783
661554
671332
196811
402593
697593
148237
569971
611923
920614
327733
630459
368693
986484
244910
820567
939630
850574
439270
860722
207034
771016
345677
496964
81241
822550
128828
792957
718347
548957
376720
508676
717725
386569
936819
88293
39470
189144
876594
16179
840156
332818
708468
405430
480087
520460
504164
101994
658711
115352
387679
819332
402728
596398
930793
44487
886515
878247
165828
149394
708187
777325
712449
102551
695036
977653
818853
733486
615424
492446
966292
433498
764839
110902
647858
835584
160306
239057
28199
206867
870983
310930
246738
663765
800092
527099
296871
560896
200556
659885
574464
626401
8922
207229
50944
401618
276977
827577
850449
407566
627423
967766
549911
497447
620141
508115
486064
677333
539338
493884
609495
293113
625295
929202
908148
700930
723184
353526
411029
747648
556413
797360
956699
568919
613909
568532
653155
638101
177680
52610
798746
75903
136069
964513
699253
382158
977597
821303
563719
386021
714993
60967
693688
374518
689982
980542
700277
457622
374040
73885
608701
560396
754596
54372
206135
443480
609636
198232
229367
458049
601688
118729
650863
159595
735086
195416
710651
706989
332337
864571
669775
346037
771003
364937
772289
338480
503556
812122
565247
878741
462506
250198
374198
257737
138370
172687
751160
419777
441130
582497
91759
733979
165255
986350
70360
765562
162207
663026
677655
27555
423523
421172
853742
449303
916067
549918
56982
473026
939741
568385
668966
546662
820506
605976
570741
384418
893329
47698
2647
240432
508317
103708
831167
637721
390571
719521
892732
362878
237981
593021
53401
623357
953603
385906
89648
241235
779062
802546
698256
254019
114492
832383
433063
162200
64687
720825
126983
631083
838662
131069
205841
376673
104533
957907
808062
497312
69127
316084
823893
683715
196071
956547
273691
820105
470725
143064
74490
102007
534275
692345
134095
668246
895352
386873
906282
432561
422680
961571
665680
356163
809589
201923
631943
131614
39745
609464
865059
265593
893159
309085
170333
404686
786697
634952
861036
252003
791602
376624
766572
951555
492839
992103
913215
184242
703377
396678
436354
202568
542542
23493
344490
547234
144457
412165
87106
626684
201475
750086
596478
556940
195343
503407
936520
774450
865432
865658
875834
823692
761669
336305
423052
368265
955060
907090
441097
840580
883140
695203
683484
4406
699379
863612
777930
578965
472222
777849
394939
766804
50097
500786
459634
982706
404207
731824
506347
817807
530790
60716
19012
762442
605715
619674
149214
465252
987173
485463
457454
608923
454946
154536
406001
548569
570389
611335
951490
88820
969276
433172
945299
507128
77591
284004
994428
235312
900788
827254
413661
231977
44942
163159
986929
267481
714471
601141
280134
779953
223098
365705
815697
516443
542634
95255
488098
220903
867844
121524
215628
434613
699779
545245
893253
212108
356041
449925
993270
905128
839696
431519
36368
426016
991585
10859
927466
205312
533306
162470
306154
921017
868539
182290
734780
623904
957397
919879
696769
541892
972841
695053
610981
843204
414568
825032
852409
244816
924486
852678
646220
609844
896337
505126
86197
470686
373081
115068
425477
365074
266534
797682
301993
869678
928560
1557
501543
668887
680786
674184
66294
104279
45295
67869
325462
892328
900460
314985
209910
139617
294473
574532
790060
603366
425905
267897
205285
778716
465878
700625
787071
885634
452382
142607
78105
300362
490472
135767
624562
731485
378639
622395
168217
448487
638125
52594
933459
35795
835684
78915
626216
764192
446845
632647
970854
680544
100575
180936
41948
763798
456549
329859
256164
116181
908706
706462
978014
585293
385666
523319
414953
326283
227772
441415
737217
675302
931270
824388
843641
443108
236204
927867
821710
499067
150785
455262
654348
674512
87852
3906
620259
812816
286864
816115
963842
601370
370750
562702
250670
258080
932894
43493
697422
82961
703073
456857
307124
523079
377354
925673
337866
144698
251452
945658
944193
58885
7467
257034
449518
908850
430447
548068
208521
853002
64852
535641
685296
430578
921064
976635
454139
519774
256105
432560
776359
534306
298995
139056
398387
954450
972998
438301
564540
565954
266839
894237
806181
876832
86314
973058
942428
400768
179763
520489
310055
806747
432557
894700
499901
497143
33468
649066
315136
805130
985196
731695
846383
455138
680780
331461
175534
208928
476162
506378
768533
466338
757352
664143
732017
398278
377149
666142
286177
807336
31178
960715
472604
494878
395525
870819
248846
377340
541319
409531
346901
224773
407488
323791
614701
754452
136504
210682
315978
957468
648759
51333
108993
669359
92371
466177
493996
205356
