594486
455765
125306
226615
170705
175353
447633
814225
492028
579655
290347
207993
48395
343378
589897
814113
705263
537041
452545
862945
638873
540329
709292
520644
778700
664443
842297
705270
59578
652405
989171
2017
133295
515649
163560
778213
729999
291404
680710
353906
193662
874835
35193
570264
284836
73126
94431
140064
299046
630282
290352
647028
300620
986729
337517
27769
602509
808870
188685
560750
482479
296686
318315
8965
502634
209799
533949
170330
65099
748882
215873
506616
281926
876024
367059
131148
980300
635821
119866
810532
158416
888214
987698
123988
657531
199822
715087
441790
111663
800185
11510
38888
454810
532611
458513
160264
875792
352802
980622
684251
592089
26324
215779
297995
894777
3713
748102
225254
313614
313220
925411
880561
105464
638890
36303
83611
873789
23576
30760
756863
134835
480343
474111
328625
683536
265041
781650
536953
815810
262338
930615
807663
724576
532306
158898
718121
845474
598903
828190
763995
762908
703286
600495
561457
803964
665726
616949
57784
226162
160958
638029
5703
651340
512776
146352
175033
346323
708165
994033
692494
12839
541586
209346
146210
293474
161918
767159
131289
493907
512127
442585
263955
71658
81975
682345
883013
659967
500889
625932
378169
744154
863187
614083
61273
224042
314604
142485
845924
466571
89443
547791
49049
129182
329820
610623
128879
225951
607970
724209
546101
80849
771610
369871
771915
92477
755806
231016
415381
942432
459084
927488
544951
76792
246486
659757
95922
864127
701211
435735
329755
221125
736299
605766
925930
32437
60886
452176
317665
277041
173322
949853
280991
263987
817909
960842
26340
986625
794254
291650
529382
580331
409279
690892
404658
185707
209558
347461
356989
409217
690593
725973
256188
51211
354213
432761
151612
380231
560033
674072
359642
475417
231202
474749
184113
539068
751723
976748
873528
546114
510587
229207
802189
597989
290008
760888
400504
499366
457786
837358
974976
369589
874183
167618
241069
552350
517496
440888
614269
731925
940117
445180
816164
843142
155033
184185
402052
234747
30019
857642
832345
122815
143666
254809
291173
636191
638684
323274
586580
122296
881182
849063
575246
402571
284002
710617
676611
440832
413446
726772
16631
438977
234241
753346
718023
49712
217764
197292
564328
278552
574139
373221
410141
719118
994261
417469
189415
465786
75721
746814
484158
361301
725170
991482
672067
93857
905843
519803
625994
216088
633798
523046
952009
86888
872430
201116
895280
506953
55798
733658
775160
651535
235308
334383
682158
887010
258674
643311
428740
779118
713869
328928
667515
368897
765597
311101
897606
943273
226390
598341
287620
524523
426334
202886
931798
737357
203349
791064
196018
956447
666344
877083
704748
41218
815593
148367
518329
156631
78504
523931
946938
675508
748968
258898
817412
275884
7805
209955
749361
727560
490579
524731
378756
522811
966108
294807
497909
400813
419699
311524
669453
542679
484861
887397
923685
451070
931498
349158
547682
781398
119523
967430
903273
301712
842147
480395
221130
868501
250487
612201
521296
580154
461878
212204
173869
713231
859871
121501
948790
607805
550848
386183
754128
456864
344520
152739
210061
272455
613517
174001
469884
250302
292146
258587
946502
58161
131302
947441
700923
493904
485035
738018
336482
335819
481169
660157
773866
90874
469096
458913
147863
763049
369385
260426
724786
808834
350114
612791
277617
565767
970621
174637
354236
7901
771650
113987
177505
323521
858037
128450
493747
17512
662274
367962
35448
490294
369141
102694
647756
738430
927380
158231
830416
922297
867851
732496
21153
426434
669612
137603
348379
657164
798798
851269
781692
956616
67880
72344
466265
38650
344373
697703
363581
935325
274508
250882
951962
979692
978401
634789
795497
142311
74797
728816
208737
857827
380973
919307
945727
888074
409807
310245
970851
215503
567359
247734
772799
960996
842378
399154
734042
616829
289061
285170
576240
831787
571622
831252
678016
568622
349236
445150
469474
906402
670962
784086
779093
136885
142313
229678
124778
806711
141926
884154
96975
346829
835054
38865
677670
259556
149990
523407
576823
53348
626254
271528
928013
322864
793981
40643
395995
131868
846029
31233
885490
320397
837974
232089
399332
167423
480971
116724
619426
293819
491943
890082
511617
75818
101384
423041
300094
900776
659366
760223
25737
138295
355843
837058
828556
492874
894703
924850
664700
613538
274091
857911
455600
931898
470668
35688
65653
227489
99202
732625
627503
858978
589290
169990
848414
762429
818815
105957
699571
523774
290935
396960
522705
480501
538629
276628
886450
636318
642721
765639
578571
273969
961075
822007
631293
692878
421923
833809
950330
482688
280842
481565
188606
655991
10278
56413
677090
864534
995211
86126
709912
633338
348102
956870
563128
422591
697899
231433
247773
316843
820859
397244
739187
289763
449879
717254
424083
174297
987594
424375
829966
953462
431063
168889
329692
651322
968137
824321
486043
407924
183421
83034
803836
825994
65558
192384
240344
800568
962417
146400
788958
602440
153048
802646
47264
440176
660827
684107
141994
990083
9915
364816
612268
240298
618160
341016
479248
312887
505731
115556
891128
260164
781323
481337
30579
73016
3010
95245
536071
995682
885156
285382
822000
38422
317527
81585
267189
668335
249674
378229
350204
797549
522135
35262
532404
268724
664439
451793
413494
272215
833807
702848
106732
150040
691076
956260
920192
889330
352058
699245
260744
916030
188432
285293
968630
523442
496018
450032
29707
905845
611525
870143
231512
131021
923317
950217
349026
185005
548857
384417
365348
733958
789202
281376
509960
424051
285605
842003
633794
394395
75945
837798
788592
985366
980196
71950
932338
877346
633577
925781
134212
981561
147922
328850
332638
440112
401687
879976
137804
565273
203915
370966
433475
506569
248504
9771
226766
938793
529421
712033
163126
963070
796110
350725
490859
711879
865384
684545
185493
601788
351341
447894
329122
974509
526890
476653
987390
280758
799009
947840
553199
653277
418272
690591
770428
110689
569854
351237
964529
639877
228093
861222
121799
300152
530400
288516
350686
479664
430406
918811
692488
961321
373885
779685
549338
292351
389414
809836
909766
946675
161781
687386
832663
43660
846786
713447
19155
475784
108404
191811
767571
886654
848359
853060
466192
902671
747039
416955
2688
444128
405597
940056
401223
658522
975961
648936
534680
897392
906278
934829
88322
191838
475487
381460
172794
833064
756925
530231
905902
879300
612053
112321
855816
485162
834422
988354
475595
176363
632865
667249
477559
144727
296847
402040
78450
415598
69359
611786
703487
733233
513341
640090
997248
52716
17938
230232
546050
231274
654635
804009
818209
648598
281505
922815
194820
568065
15949
824758
548463
3921
867083
828915
271875
3800
635097
422962
21576
514089
577806
929094
457377
889872
617100
653063
600405
575910
845259
688144
947186
681097
794032
293988
911767
618072
431950
26930
556416
874714
991422
238711
206622
303419
112263
294540
196033
215090
555138
81127
750494
845352
917080
687940
288547
268044
428396
91778
830132
138212
563806
632516
744724
826448
66296
428554
485647
35925
176631
411990
735799
729190
318357
999938
336084
337918
123902
45850
277600
618958
987193
933062
945514
981105
339890
356024
144832
909923
761005
697188
836164
118261
669675
760580
744602
572058
851820
220405
506843
595944
778517
287661
252612
288988
615267
79937
979486
450196
614931
892289
347509
245044
644220
546233
338229
240085
654414
552700
278381
607140
80095
417525
914275
962729
508555
139765
596206
724879
242116
5595
872654
369133
132289
564396
979620
753996
623335
569311
95340
320933
834302
348514
839068
465151
737365
904320
694716
146386
369299
770326
281853
635906
297817
691618
727952
64386
397610
499053
576848
781917
196160
138687
20178
52164
622153
57252
512949
79800
661853
668205
209689
563758
850300
894418
618195
956173
328367
524967
680166
306546
12450
939677
94627
310202
186916
703226
330308
30468
145097
731631
778370
141874
444385
900686
903533
800697
312136
12500
575480
42561
827290
341058
698704
797085
345408
679149
847192
155677
253192
383388
910266
666165
109903
619249
535328
414421
10928
856285
300057
642078
9871
872935
943680
394991
489619
588283
226020
546389
489817
313884
360172
544873
339530
976717
503718
788433
968454
781186
773426
398287
561746
916735
60986
867678
954686
117417
790311
992260
62782
151831
392524
249116
129816
318942
802035
491768
17157
201467
103532
113546
513898
628789
462769
915170
72352
987643
138846
717149
734866
918280
691828
745423
18376
637656
537265
227808
736247
627120
485381
957821
571741
125414
554948
218658
592563
525883
271430
1017
774054
652868
319221
13521
112547
848191
822940
274526
696867
304165
411720
403342
237782
928110
422646
970372
315548
10880
696106
1357
39421
891743
876545
414700
549747
987770
357687
239985
571224
742477
693843
127711
27512
544158
492265
981929
692243
251581
298167
105333
750434
618084
356419
411584
852932
299685
643770
353588
368237
255617
735432
839815
730477
435451
379018
889177
381657
114641
452044
834811
609599
172874
738894
852101
135588
908333
336586
103850
367613
8106
564336
658274
612613
968475
390803
926350
309112
266966
870931
249982
627616
187546
538972
171600
958100
370849
651923
698290
926069
339356
604518
400858
259239
547434
125362
956965
79803
537532
256219
189055
11689
280103
129625
488016
244971
612155
967414
75702
32515
716228
582427
747664
166641
109947
729274
472143
590062
137267
243727
870980
567868
661090
290360
756569
191647
722915
266411
219967
261225
132260
543604
789485
858823
119585
741443
558186
30849
430366
918154
193912
461037
834007
211160
173993
863231
934054
713464
989627
5375
467668
57334
16838
777847
995558
81302
276651
690979
90322
120230
771296
57805
940869
230447
978026
753970
468027
537871
675866
828307
653987
204207
723986
340431
561264
112045
850129
357860
727747
897856
33378
928680
510725
689406
343787
315125
638945
340192
432142
428983
470191
438773
979068
833035
474143
469998
185367
514138
100405
772165
750036
951330
199500
639515
80097
159527
744423
112546
249764
599066
900191
440411
642442
593808
871727
267372
40953
626700
995394
754470
625751
495419
960125
969018
196169
172358
720585
232591
756533
973936
505973
320426
508004
751671
682445
894949
488462
391961
46967
344716
399644
761041
156506
378845
817865
528525
792104
248773
9092
232618
174254
519566
135630
563935
626622
497683
405888
161147
872084
364543
572017
507259
43497
507128
765111
156967
977259
871168
446800
995763
206692
616959
601227
685340
11708
614141
656523
907186
12408
644234
652181
612189
731358
893058
172151
849571
222700
58657
333616
301818
169578
349461
93371
827676
618274
579551
828542
153732
912345
493041
580302
908231
11765
975120
732882
156890
762172
515702
835483
425940
224790
995262
589894
55511
791463
234407
683885
287182
269845
937493
473176
475535
106646
636133
932657
101835
880054
67181
958508
156260
247554
20296
37831
471860
869301
621972
732862
546722
122810
713215
695248
477701
206113
952636
404336
553282
49977
644522
228415
845048
958625
89673
263785
205487
88454
665556
91010
757417
808735
279093
293932
339696
700489
587184
188546
299024
632230
149892
305946
345400
994626
90940
338383
920171
497722
199350
151723
516236
588302
326213
583711
87795
64350
359667
897687
598268
544085
320569
642428
691033
482977
333408
702109
300255
189301
368906
532957
69394
382848
915917
758038
870316
347806
162277
836118
854517
731703
902009
751124
369909
22748
909555
505020
156185
609523
583049
972835
606722
21606
487541
932872
88899
182021
638419
681313
31192
250760
659399
431438
665407
634579
384417
488784
934431
959488
617849
115799
430811
27260
199197
904493
469821
835642
260835
718595
411497
925013
513679
832463
894286
654707
714270
614383
674009
199942
471467
235242
607382
306553
21910
364149
651464
28217
992533
529444
936876
810004
635105
625878
909087
802446
325688
725809
946122
665219
160649
136861
671312
504979
573065
975737
520810
266842
607915
120364
308216
227676
397267
479974
469153
596359
212221
955092
820027
543442
10232
613792
586975
513561
755319
294224
650569
635822
287941
423033
363339
225802
91598
282005
488153
878942
661090
948230
854808
932757
792406
558942
568757
363014
626568
942622
589044
993285
948059
841457
168894
918045
71721
866831
912563
776359
54803
879872
502107
457221
148267
949754
22234
68315
491771
132054
34231
983411
758067
850713
81764
363925
516940
135446
968865
892050
534399
631070
578942
350312
413967
802533
255738
413949
3274
835338
680237
573658
576119
667235
20368
952608
488670
292921
677151
126814
12307
315930
25154
77340
236532
601956
831756
22065
795092
930410
609409
246670
885234
640699
11814
385725
419097
78473
926860
722840
27321
629629
927432
841813
509025
549977
684745
46350
930721
169208
417908
108642
141068
920601
254320
832939
288975
81224
124345
962523
961351
498360
439031
686638
443589
272193
55998
685812
750573
886621
289972
573799
597034
610914
688476
804683
955406
756629
30557
412763
824540
406803
59640
830135
118498
478543
979433
981955
840893
780395
924572
607616
17829
112166
944998
92121
181725
98190
51164
250898
324385
644911
762765
513830
827494
619874
349491
398380
152603
240014
940330
780611
832947
587687
567189
42775
794006
853640
965299
879112
220665
514461
983627
834106
781603
624241
220213
943331
283425
476229
105225
231261
717895
750184
188302
289181
506490
672476
252310
299978
110370
470760
870601
158876
184088
533066
920732
287148
584209
682331
718871
76774
973995
44810
893833
717711
274585
553135
656597
490872
881984
932896
399247
175538
633065
719995
334501
439792
788992
113410
2913
864826
810949
619332
272226
250712
384164
150854
662141
902512
2123
966181
378426
774985
561067
370793
954473
378466
179002
789753
229556
609646
86691
441806
384903
492294
974712
258852
866258
124848
469087
676327
824997
859961
894959
586520
910944
234116
824630
527328
209219
670895
418593
451939
37543
316720
338284
183174
477808
964272
282379
964699
811882
101524
826034
523024
720723
269368
269100
735709
119262
444121
993401
220586
425406
82161
731214
878246
276953
650101
880370
48730
215622
99117
357904
890981
867618
123685
149272
190671
869511
929926
840
808490
364707
848678
759433
117778
65686
16822
939872
783613
744491
939704
786750
946038
90827
961357
674102
989008
149383
883781
257671
804955
136335
109415
600615
887345
742326
814874
711341
235297
512893
962027
450295
111288
528358
879514
727829
635613
962774
13610
292832
458464
952755
864818
546319
162097
707820
208350
93809
118139
767856
299584
220628
958975
706331
304807
217201
366339
565540
930072
748114
368378
276583
358518
535716
83243
553674
779508
995403
307954
929434
656773
170444
655723
534501
782148
773236
517098
996298
112194
117362
27960
535945
115152
451313
364458
756580
715692
387943
737820
74759
624468
946965
212819
859515
528808
88928
493783
824316
833663
404408
302758
324212
520833
703065
90245
141931
679222
196907
173916
226657
771619
889148
409035
515429
691813
723586
551982
721700
70733
334008
583908
224933
698661
873167
420399
805951
497466
558291
640483
251183
488797
436878
917827
873815
164718
450875
943356
39108
54818
11402
302866
392827
60151
239730
958646
22781
247598
82173
277224
906827
694380
606464
984914
330022
701088
269442
264075
465260
830763
570734
839458
242889
89793
154696
211374
365819
93315
86066
547321
902067
13987
133323
366110
306994
441678
824437
948627
314508
482334
603421
701329
544655
543264
69777
683848
266156
556723
856543
95131
587881
235202
578685
902590
298234
389910
27740
978978
973076
620035
108385
952006
393067
958934
706052
970468
758569
588083
604846
660091
778090
961573
937591
860013
872986
441347
146016
84546
801171
516686
59554
538400
203535
257156
662640
489399
281605
114988
431156
439537
26219
194701
959157
908598
478615
682657
707148
381539
693281
410325
348152
49736
15883
976363
106886
803377
369123
626067
543248
319865
863160
818658
679561
954689
672051
118412
84089
512761
282338
568386
369756
357993
804667
434782
536769
372889
234162
73098
629357
615279
437328
391882
51472
981037
256057
691888
530291
945370
296134
91992
188061
823852
97997
105441
279584
74278
823349
326289
761874
704195
990254
417703
780949
444436
796675
290717
687844
714209
395428
671910
355825
662763
59996
972662
591174
635963
362299
341305
898585
924945
294424
650837
686176
577588
892630
366370
998927
855727
987851
413215
549414
972461
341368
722958
294435
134094
377408
791383
730258
820987
948418
95735
602134
478075
36025
535813
637397
466070
518785
217530
582752
278469
976581
172396
204417
856009
513272
857070
786751
42494
139406
828485
36072
392147
903702
50294
407053
524294
851525
961426
219259
512860
499949
576099
886533
349567
603068
417126
737038
680900
150171
257873
579753
91904
780012
931066
76117
286635
85799
104706
992629
765662
914885
452717
335464
74210
919386
267520
553468
725089
163078
263455
447560
44516
728949
925815
951660
321223
270944
547494
393351
311405
887923
307049
113935
431872
147794
97073
394310
341111
993473
863481
774879
918115
540552
111849
359573
762760
523718
342397
293171
147808
828737
566428
690143
238307
997966
548792
503371
979267
495707
654679
535594
88920
871941
837519
746574
310350
556730
816439
639027
592538
799152
480136
953618
390737
314969
470722
385579
307594
196609
962362
218639
825614
582744
846552
660862
542453
762163
609374
102747
90462
100128
257164
849915
568226
28542
513898
610992
12791
766671
152450
992447
661794
407691
668714
585408
767190
96332
172069
472067
397005
110047
175986
410195
893088
176205
361413
734370
540728
968009
657040
258984
389884
494313
591783
967658
869460
726127
300555
166011
994334
342411
124827
823780
210048
994588
398773
383013
477325
532320
807787
636978
82714
356628
721234
14498
839302
551013
562514
722287
223496
980842
180010
666413
402061
22135
898335
475197
603712
719532
717589
136296
431976
270876
216674
908078
753553
748199
561320
441684
279538
339156
663505
165151
400012
885495
206598
456785
428637
434489
613845
415521
576812
711768
967889
543983
693808
707197
428243
474806
681477
44754
625137
309656
98510
557787
896501
618495
280720
357252
671121
498630
716366
576897
438720
758235
263736
314598
686334
833252
632394
184516
6163
106090
254786
939044
167852
965611
2415
273973
775811
220349
626669
184247
476658
228810
841025
967811
974338
626546
561447
577872
769735
25690
580758
543326
329149
528275
342103
130827
856281
158046
524191
47862
820399
637635
831987
465167
309858
411998
238922
957936
160153
779479
39892
153298
824091
522570
712230
493452
738541
336068
505210
574172
733132
525452
143276
884492
492221
991250
927943
433813
893502
977458
346947
752960
816184
378947
660936
353180
452851
820868
760695
2129
461734
746684
319778
824186
589910
247437
231278
889008
100132
862170
434919
688780
213976
111544
432486
262024
617712
923009
551639
521227
692094
748785
386999
29605
208460
925280
619149
995458
674402
50265
753514
766252
984760
592198
238632
780232
45817
635867
51605
402859
216278
352551
36337
572955
989263
752767
949465
109780
215303
339599
498672
228715
405969
115574
441043
324048
847582
143762
736363
221862
438367
474039
658964
18443
992763
948896
949958
928111
845300
514116
99392
607949
935135
153420
789242
399092
776015
920371
474938
663393
780877
693520
637872
401099
981291
691369
110873
576961
283771
543411
742547
830907
42690
332194
97690
955650
962098
534713
103356
100310
943576
295794
269322
305303
15646
71118
390963
654943
789622
586393
697418
495308
614771
375131
825295
821443
966015
736105
485678
485831
859744
509282
159356
825144
639299
380057
797026
977694
99094
523911
945519
239114
944771
736109
863514
166928
715653
20386
111436
716978
431533
563707
321906
236658
31857
261330
613704
806898
361140
612423
214820
272691
882878
824626
431054
487549
79062
901568
305192
609536
662349
938505
21710
723705
429375
493020
697143
887196
663532
854397
784354
758694
13838
866766
811453
839630
615456
512537
830484
901866
242246
139390
626943
438628
671530
254856
275794
53169
89968
482923
324458
961119
90052
223515
100971
430246
480254
552432
62753
910365
969234
566609
478041
254477
635905
547483
609554
720621
815483
258422
236350
214751
71911
124819
848482
52327
127391
82611
479960
182287
406079
958654
915183
452812
191759
317831
502371
693790
684281
38078
19177
437527
848187
452009
496457
547425
950604
506917
654176
254533
84913
468910
541434
187675
470146
345210
682947
595779
368650
812501
231908
267740
2597
333678
12027
248375
795003
765516
485570
296666
299519
338041
576800
547625
18613
531295
494079
898427
510987
824855
382899
861507
398509
447641
271135
765065
500631
194673
902989
355072
6258
784059
936261
505512
352238
536949
997290
792140
385003
266073
357106
658409
431398
962941
600317
629856
537412
853454
96159
597281
705936
217835
978326
425148
64884
426274
827926
52511
744649
215535
830723
709619
124292
453608
755598
748855
434790
592388
357982
986663
153530
748781
84750
435816
877417
103514
640264
902405
775287
874956
149793
435075
997365
314190
258881
465391
457575
957034
936529
694546
782063
68206
52249
468190
491942
24548
838519
633800
63894
454793
847392
948111
941615
972992
262995
273296
318525
336272
161181
369328
855699
104487
421427
981316
648536
578762
929434
912551
584883
993294
241063
36821
390342
841556
737330
338092
674092
141607
873438
477155
808608
316905
285621
238932
673650
696477
59618
367002
118878
398059
805461
971937
735843
992925
423831
832997
662737
427693
852307
97394
48794
565140
298061
507874
984016
650027
39052
283003
745837
435022
989585
225048
131307
579601
874829
112771
47558
63235
276412
678102
934810
794656
755410
871971
512617
868321
