963050
936252
359903
515790
537590
119962
688000
394332
1905
881809
525912
476721
232486
804779
643702
378935
643176
952694
936511
300795
796143
713088
908905
413171
90507
876093
184134
960314
725002
547121
622145
458279
100353
217147
177709
349200
188424
976936
949082
277989
15951
562849
418254
73477
280924
723499
538928
402029
486305
479605
586136
467645
632679
650361
583525
381011
236968
108546
388274
878705
604235
224965
923103
463670
233418
865838
490719
824072
72434
911450
573948
834356
191766
823585
786204
744741
949446
70110
609111
120356
841081
345857
592069
2065
611673
443149
944565
166893
392588
428930
760103
590445
141011
919510
266018
96640
135292
152278
917740
402373
852229
522390
718810
104883
45432
17251
803407
908417
655078
88502
799234
617730
978284
44325
152441
640069
65648
641292
307976
541050
337040
792011
883978
341891
564210
486937
370816
598662
334523
945560
573998
252922
437230
17982
508109
546970
559532
938145
715139
693049
928538
847509
406407
473151
379273
980693
201352
28892
506388
933668
962615
280789
853466
131887
687767
956756
532289
658119
957262
210500
472822
285211
873182
615493
744673
778361
419810
103356
122953
619400
201126
407640
580142
106743
340097
294299
625818
493549
590979
985439
446067
644098
763156
502550
750220
548390
495736
809211
801699
324018
775753
316526
999615
350635
679345
303574
621375
850536
832745
246828
960033
694757
125556
20533
613484
663268
312235
631726
473652
453160
88884
962298
621506
862986
721886
55128
536680
282664
311897
231190
598863
214359
60655
45969
158900
939191
928002
202243
514351
165056
838042
923797
224868
573263
200405
620740
690901
317803
998536
339651
871913
618693
668650
888010
780325
342467
428061
577669
343257
726796
774253
69916
790455
496822
330379
116617
843309
508070
396202
367697
755413
259567
893791
417602
259726
608629
907741
291589
820001
507353
195308
597368
992859
438603
28978
315465
209403
931255
704396
193135
956137
318445
226252
765974
57918
994792
943
672769
994413
59733
514186
948264
413048
700182
616805
35264
414402
836635
972424
375939
383964
169766
587787
449212
219361
169580
978229
117618
191965
575913
250197
279426
338344
77028
261914
442980
850611
754465
828714
63886
700124
870712
549192
420897
4338
585014
582380
919339
994796
791625
466802
207962
80212
56898
728127
5663
392926
277405
98430
735940
889667
321919
454478
437231
30898
15954
386042
805597
563032
161747
299082
636949
294387
52211
50201
859716
766543
614490
452129
419626
169589
896132
973260
492569
213642
318412
949526
615208
586494
623258
490937
361544
454442
275308
589161
968198
802102
538404
450032
223974
32699
683205
951386
479758
576505
4935
202374
475914
193892
657897
170025
42707
740411
456852
534210
658533
949910
592063
208503
243348
690735
215991
328995
798319
885355
215643
314495
759499
475371
1679
28048
235604
20563
157857
668885
753223
322384
976813
977967
276024
925308
703495
509825
232124
547706
391249
754880
974208
508861
271350
365451
595783
199585
356885
645465
480458
107253
577739
849242
339078
806780
910389
620764
411989
613329
349857
801701
849333
63419
773352
902964
231048
464365
961225
719853
280745
520811
649505
907354
981936
943157
103306
719000
827089
935268
458649
692117
491332
325378
757183
538174
97206
856012
817279
427258
496868
736790
430324
412877
389545
254865
356224
888663
328210
446925
247821
150507
55187
257201
896731
465794
775886
720226
479930
553636
632647
903913
75759
831344
525146
109944
305298
488515
106510
808664
295512
303280
962857
697818
234258
102370
785323
382756
173500
74650
627253
892919
113781
943512
427568
105445
501337
436537
853448
207441
386539
225024
616693
217648
340860
95430
118920
664846
84306
609962
838728
903822
73323
145444
666549
26761
391717
920534
366032
788819
838260
464477
83703
8677
232047
299754
640253
10302
782270
939250
864576
673234
831235
771201
60945
227850
580331
909830
213106
72702
573173
527806
876190
453065
386921
628164
516607
306070
356628
303386
82634
77525
12434
993966
794475
405477
39470
855347
730450
275505
988184
394317
648565
944260
263987
898276
923400
281776
472277
240744
84988
134450
363293
863035
144310
369830
853742
747098
558587
621685
499372
614183
399631
50267
555158
441253
421551
959787
962784
895011
952879
126856
420958
888927
798460
776562
944646
363997
717087
574885
129666
538849
970330
492785
159700
1381
496261
577011
177883
664897
235301
478316
234741
690916
359580
790798
680831
522608
286828
286612
182873
148297
955846
272257
878146
379482
62153
357350
403796
195175
981151
306413
798996
92662
976051
480301
771732
220885
527408
98937
491711
34301
168390
817178
725148
477354
722298
307112
928958
688900
188496
436463
970143
151370
382995
158143
308321
587683
463086
552111
156159
222389
12087
13283
513307
767697
687550
646512
574456
895661
786479
747542
60145
17092
652175
869554
486562
507450
641558
59376
527306
55315
612379
989722
997394
694043
154237
439217
565226
940952
507953
171369
954721
876007
650862
274032
553649
604043
269566
320306
567638
612891
476323
8693
293312
164465
685764
609010
812351
807833
488286
196382
631215
119713
711756
309862
353913
828907
932725
102683
197412
827385
323330
175901
97758
194541
959824
676910
699449
255294
73019
666248
411396
948899
521678
807984
529549
556954
24237
922309
974454
3163
628881
412807
959379
684104
430059
773761
702724
50451
590355
442119
532343
950464
142723
402184
226493
606771
154522
182385
238248
458307
291738
970586
197512
978298
30249
577552
918097
914816
396399
12499
554125
992049
215028
632741
3352
569522
524359
901343
574528
621382
991747
788710
341789
941595
589696
513951
815799
276404
386851
18403
603940
77256
646493
855536
736765
661125
253712
606840
201513
432514
250233
398994
928151
603154
829141
725174
433197
964811
69368
159772
2048
766446
585838
197048
951500
223278
988059
394425
703946
551286
346189
52810
231491
127333
32772
64795
81806
255435
458950
262807
901255
96633
954715
6067
870953
340709
539350
236890
307603
446484
174856
424705
797573
760241
546642
619446
677011
394521
662477
85384
122720
602168
442071
989391
500951
363040
704980
646077
659205
628157
900490
134590
913752
301608
41583
508328
374419
97874
407462
989686
615369
251516
204407
305298
564280
632870
961060
430094
433101
869646
863289
715950
145353
163851
635649
63954
54595
709001
898873
61097
37328
641355
738222
965708
917448
865514
408821
375485
648448
579087
649185
396259
728882
7069
712542
631743
211944
283368
626561
401814
16285
960449
571080
963672
10542
772348
299689
364279
237223
630751
409598
21429
259688
337100
583837
65718
707628
625629
672424
28804
371980
193508
415403
963334
759135
157359
59570
653075
170716
794025
88292
916663
781778
980945
931164
634558
700155
17294
729140
86951
133040
183952
225633
129181
255972
867660
804214
64213
876789
137980
605392
136399
564563
621649
591473
249385
635599
520170
354048
607729
965781
852178
84278
938041
448065
280435
418508
267511
316484
651873
15219
923644
821679
722214
128208
336323
279749
9818
39673
511700
774854
910213
563875
278828
454006
3265
699792
13431
740170
219863
664689
784428
508077
240634
773352
822098
372648
370092
703733
625688
529413
851341
189936
609711
296081
311533
585396
609936
997951
780306
964894
429808
890510
442799
993458
721040
60921
397230
168445
475737
877682
438680
76149
502287
835481
490986
284513
853890
548155
848466
926608
688967
412587
262428
24925
337881
436157
69903
894845
642973
932484
746921
110525
547659
366426
55461
369670
732710
400056
183751
362505
31548
308939
540484
599636
394832
711553
61284
52192
500869
610651
436733
292459
400378
965641
196247
88086
923773
846407
415800
102152
12560
826444
314436
969180
335626
280625
771224
886878
910127
534164
713559
469259
46386
927876
104280
345560
596283
581112
911084
33720
254141
549196
42398
853482
40441
764998
700436
81447
378411
328099
529849
477514
856177
535363
248067
912842
118534
915113
851476
349867
761440
65167
917548
921894
151418
386012
350263
709009
709134
540576
318363
784711
672163
247908
945801
374347
735569
956761
86958
164282
990996
298678
343663
408704
598394
784968
537698
408478
826774
847660
424598
8539
91800
791185
275498
82158
963925
9687
510441
292788
839793
412202
147140
818552
632005
222375
142088
881207
769711
711224
795058
951769
960026
635782
304201
54539
457074
42338
734644
899889
288282
812493
62792
838283
25063
650921
668858
633518
380088
953304
604098
576047
830963
849293
78657
755374
817428
158332
316729
25645
770390
232509
20841
606387
216612
271824
670972
758495
506105
641546
503439
920193
867976
306296
464578
289855
813957
491979
140204
579602
205211
887297
450173
524804
30246
737255
685733
388028
655373
813486
220283
970097
436857
811396
227703
197050
760716
235396
18191
746659
791774
145572
248524
208067
389201
975279
453976
688060
618313
328096
25724
498219
200471
1755
834281
245240
476832
547247
956700
709033
619504
992553
774904
188879
681054
968720
710700
445553
57284
362876
386012
263627
803625
909870
171942
685481
72818
66689
326658
957640
910398
382097
153657
825546
11618
309515
411704
922050
76147
886134
333085
952021
179997
470634
233709
499996
717175
926722
327803
451173
234532
829592
627564
810067
532318
917046
698657
929659
282027
162779
590868
21181
674904
602616
306023
453371
974905
542593
703244
740748
57171
111283
963724
649180
651110
886882
978211
444668
638431
46908
599730
840797
1485
164175
627765
512418
985258
205236
4174
169518
849301
825527
369143
856617
106347
330723
939508
849937
176860
467509
108303
474970
919289
136827
51042
855733
953059
512666
270288
292514
373962
898039
756300
418831
758931
868404
252923
603648
831242
174408
306467
416077
543718
781044
947002
98283
444473
621023
711262
589421
416855
830376
891532
710155
3483
347760
243034
997997
480115
186619
347767
172604
737983
512178
946504
75299
521262
58746
390748
129142
566379
482899
27901
832322
281669
770013
403777
850591
439654
360066
756535
210817
658880
524333
638132
404871
200401
849055
975910
278825
65310
704764
843128
185397
217738
295498
657234
799685
685360
256678
851862
806859
98956
736801
335976
548263
17533
61950
970725
26271
463672
861843
551511
589520
994373
118365
177033
843327
831856
511466
206454
713494
489449
257435
981839
465588
411035
272612
522586
103619
96614
434175
62022
20117
735625
21972
879803
779055
263833
227584
450768
828552
799000
352456
989985
974768
638261
144882
100258
545599
911137
657296
474385
904285
871546
708864
479556
291502
591994
550914
629046
633976
847739
739512
661749
615773
423876
849495
452309
887231
178544
810903
846748
929169
220650
397893
971363
399879
757621
649051
427185
802711
198243
615092
981443
832400
682452
34261
87775
508591
492159
378341
735714
341477
122092
32248
822619
385290
234911
635541
119013
718794
134932
196747
421404
733233
763271
735012
943104
947095
435807
211747
872448
410062
190424
265396
434076
803029
282231
893089
202008
197417
199678
704186
867562
730719
156014
556163
463288
838977
926843
312185
770127
612635
607637
203374
787893
61637
534883
808282
29732
694837
182509
466499
672601
699794
759989
690384
60425
108532
549856
561118
589411
876650
530241
197143
32482
98052
528341
439738
819047
82176
107925
805716
829133
600115
601287
543576
133630
6876
936914
97411
729735
773198
674977
829168
381510
568216
432928
35696
639077
244780
493975
791578
138061
698137
846810
765092
171802
924859
965645
828775
410527
823172
623961
754108
799034
195653
573428
346791
365666
801318
88639
259354
244419
793108
230542
32001
484205
977120
195043
182564
736519
20522
387122
687678
400236
651117
750479
314591
605790
816755
182610
174183
987412
96786
728451
136078
472081
137571
703667
917803
472000
71851
708420
823535
623251
566428
867521
819932
183944
814527
756945
571047
716518
34210
317214
788759
410725
744238
538652
266550
449984
634922
84975
576421
64763
58672
180156
960714
532588
620881
929942
34902
945238
217251
425406
390232
782383
353482
880913
577285
449761
11020
278170
912628
234252
266720
787427
969745
528402
294530
640008
496586
73130
438138
574755
267677
264678
669678
51439
660966
531004
46735
378069
691301
147192
793388
461121
695043
211992
779509
132901
90661
63542
393563
573982
656822
903650
575548
730029
588830
501368
415727
898738
799197
603737
181075
792049
834655
328628
293430
828198
228881
816456
917888
976469
157752
241716
315877
79933
263856
469872
553412
841571
962626
908122
550745
154102
535447
417349
760835
846527
51709
409748
484785
701249
488563
296635
90358
534403
777826
453131
329746
851197
153866
303429
704333
712438
101785
848009
700106
394916
590208
89614
565746
421901
382940
270149
943007
702201
297874
736324
455883
964808
243134
12692
596611
841975
117520
765327
748634
204969
921681
785952
576749
969997
376146
114972
731272
980418
33674
954257
237021
343086
794738
814470
567477
282571
87193
427138
827079
403334
92210
269026
448528
783199
776576
625278
910926
71549
640809
72516
563153
525541
193813
271846
822296
85225
467083
171064
845683
291992
901022
434107
820986
317100
119500
975095
268408
455163
864532
352859
8951
599571
52283
182079
147914
747285
572779
240391
145550
669116
654055
283237
89898
364356
726014
871068
498812
337679
278712
355774
93393
358388
343372
441177
631398
761286
116218
664174
345884
395158
26951
90738
493449
411006
255825
757836
46845
34296
774769
39519
517449
285795
875320
698394
225822
114180
301778
206900
691380
340889
268814
680868
509251
962325
683556
200317
75591
824563
776440
255460
248478
789634
117332
618064
436189
12979
643306
106283
814313
624864
124650
357491
29580
855258
198265
390818
697378
246463
388057
721630
966925
197295
479552
838632
277510
368348
448700
996467
637601
664111
958773
133857
750968
470822
523449
957123
884978
493633
482577
903827
763070
816374
124752
71025
538836
719288
496139
441946
684258
632533
97385
123600
773946
909821
345726
942767
762434
665066
498743
642619
11964
736503
354666
771270
571863
392423
751507
783672
548869
717135
283248
41695
696793
336284
509693
258885
115219
862751
544161
686970
540028
169683
491333
822250
826144
21644
847247
557741
270823
261075
549020
923264
462355
196331
98300
238292
702438
304177
272104
348945
12021
781662
580437
509019
632512
821412
896603
48371
927021
927871
577889
665340
502331
466155
83440
488359
798907
934720
621269
260867
155997
516640
110695
243722
523643
601793
728725
775278
204729
671146
530123
679752
904720
575070
348542
208331
967623
801701
781417
475121
847511
102666
349637
679368
712920
446694
814532
933048
399053
779338
70271
16277
52469
317400
612717
604374
442992
196110
773446
475350
944311
570515
160359
995657
81816
894700
848193
904412
458537
830072
984734
46564
51705
884973
852282
786325
383698
320945
432925
783019
367698
407962
958160
196522
481510
548920
556644
971957
860707
12856
217461
787117
870337
618705
30311
991748
279341
67969
446873
883670
501809
484048
150973
936614
956836
977168
909315
362408
394963
24112
754174
922883
133497
859502
951241
594300
808500
307644
293813
787681
661385
181074
979350
818655
460554
157528
462734
992151
754051
940803
862002
483599
582726
688969
331916
754114
365298
834587
816266
616463
385930
38808
991259
836012
670207
773001
594639
87954
722232
176161
273630
466034
231956
15679
258004
892962
985618
268848
592109
495521
391654
896332
764960
764760
995330
608992
605567
46804
194582
139370
469665
945493
703631
461486
340848
885191
205536
450026
177205
994291
606364
169029
824385
305525
465211
553505
711565
513325
245725
99575
953239
422513
54742
82216
663197
803128
686239
700439
286046
425386
650490
22190
851121
776122
260760
667604
668096
785465
737681
311777
857066
828234
437378
487395
465014
932401
696459
749497
979743
667031
975148
2074
389348
260804
412149
19008
521676
353302
405247
168019
262945
954357
460891
936487
385047
825810
913947
392792
828262
61191
258090
46710
797598
292070
262429
756894
100467
787060
508055
307663
940943
473802
824857
963850
115167
389384
999363
228237
303354
873011
543700
753069
596841
517715
531948
532765
112495
762990
871251
337929
656490
988401
238923
784064
842321
496781
144577
266868
168186
385656
260982
714776
763775
28971
66048
681522
805877
266967
950413
451090
917151
889815
123229
301931
986537
493076
196802
574610
435026
646602
119457
707325
547125
687585
513990
456612
61895
666403
106217
300071
671273
669397
561297
439406
208981
113560
141397
78378
400282
780086
301245
491337
706416
895964
298053
91529
359303
669860
649947
448038
504318
457839
275993
527374
64920
978910
322103
282053
597951
224611
60695
827981
86029
244967
356214
219275
981376
518831
851881
750669
826095
326389
135723
948865
927114
799546
69133
303651
443520
797920
531340
464193
577441
981649
735931
865283
618834
110367
412120
678117
648677
485694
63044
143544
258104
791680
701768
891589
252751
395318
470822
125088
125577
227887
536724
629276
742004
943619
259710
242007
527350
454560
433320
123889
33042
534352
107637
925085
296689
316922
284481
476033
988613
165724
773723
49320
761105
393862
647538
712163
576880
994124
110151
14977
186662
837247
559233
579777
320182
806900
148892
394910
15830
242954
440
369588
841325
942007
580698
254437
57714
654652
135960
568153
673070
528210
344066
579997
133340
240357
779466
638840
888752
592173
636616
664643
382492
347451
422816
447335
15836
234312
876818
513136
486327
890202
756374
426803
797350
190593
322660
481677
897794
724004
841174
237034
894792
800821
536409
780826
135430
492343
671100
285815
760152
353270
594907
739770
986042
346244
263077
107023
564971
93094
