131766
103688
404931
257098
634979
597593
716909
179424
929235
388292
882270
690089
740998
644807
735216
25714
608527
145030
174557
581343
927577
439131
76495
284234
789200
139036
163697
494445
877387
643027
798786
413042
74238
828828
727184
108795
79105
388775
790376
353338
636257
547014
601976
671809
172347
493793
253905
523307
692561
920377
927316
21022
609103
322596
17843
483380
876845
959589
637469
107697
447533
729168
897277
217041
852238
681725
62104
415092
325794
152651
486996
17932
437165
583475
502400
495716
900430
470373
140125
765138
234053
495040
961766
331684
477077
394615
677174
654837
5146
138133
101495
614886
849647
578133
349790
732109
990308
942145
862487
465457
404358
587680
114878
178027
90071
408809
791938
239403
688535
95605
229310
147574
179081
842889
790104
905596
444055
918514
400273
455816
897895
55833
632704
470770
416569
895363
902542
240171
857549
849168
322482
268045
269560
538278
547895
847073
552676
104400
318822
788122
952267
838997
97520
503794
445396
854484
761434
357544
962225
294045
12509
387842
923032
494117
24862
428520
134958
114262
913440
543282
876500
559552
991371
932083
866854
187019
342554
345861
41378
674770
990323
344294
675096
676956
875555
470803
756212
795136
631353
149162
671355
67087
105618
810104
863980
677983
717363
301093
759027
124061
703232
247912
215407
308713
202652
223251
515944
464789
706854
45410
997763
475319
53237
103429
523687
994543
163399
688312
382628
978697
699212
985098
492674
47134
941565
40970
713757
993486
692533
448797
731550
437095
406691
322798
157847
528254
39671
650220
922771
992084
19785
183843
294558
37606
587090
5496
139063
554926
456663
618493
294654
972938
212684
366023
318418
400836
962371
991849
85255
589531
55201
206911
92438
507294
897849
948005
808121
387186
594207
509219
578115
551579
935715
292161
380228
51713
370863
68483
449571
856768
524714
424977
67116
795768
237947
659156
275588
88238
936587
212028
687743
30727
877539
241846
450602
15191
245801
589770
157358
682996
497440
625304
240317
260629
106413
634478
59648
947668
806887
192084
45482
313047
381240
520507
989046
68107
304726
385580
197970
134962
309145
847674
286053
198997
971809
623158
614422
353383
125113
240125
121737
508656
783354
77068
647701
260824
140574
233226
670064
625910
638909
851613
598590
571377
261350
974371
758520
916825
820668
95587
893370
715205
413154
655664
571719
818032
712697
440962
548626
802955
671430
954578
892929
284521
423607
173774
626551
449999
135826
402098
692368
583555
277580
205018
957186
658412
369977
455058
596851
174877
359698
313011
880505
470348
542324
749606
912452
814191
632162
178240
329855
240724
522377
611441
859149
354776
152430
69060
481014
900480
411362
674924
264923
265142
21818
326653
772836
755274
820355
507083
605146
953875
951756
105171
673842
736609
450860
408241
780892
678360
211202
235976
869050
27400
541553
390750
704923
609598
680054
611080
911330
347726
148850
162052
905033
703948
792005
344612
450510
489560
711415
374088
385842
343722
478534
859146
331128
147699
133315
371390
295632
130778
548534
870097
916963
448067
671545
656593
7553
32205
114595
932953
182912
693478
893344
835234
709266
611513
909536
312042
470012
177152
578304
320076
233712
949336
608683
665868
991912
207061
501402
972840
359593
745848
859427
39116
207723
493700
427471
468032
307702
473251
498775
878548
812427
856727
801196
259946
869206
931060
789416
399691
203250
892736
152559
776444
855088
778586
679447
561900
370034
30265
12565
986825
605625
763245
501346
957326
466925
420022
181194
695086
16581
625136
875230
463365
840073
41260
990166
376406
877869
674962
750589
447846
44931
430971
42660
41992
310907
411900
471538
820750
578174
402846
505144
451183
967092
519701
929312
626217
939689
27832
57310
753617
713460
381716
614183
975011
654167
816878
630561
716948
557558
554517
856342
470816
985562
46171
292329
919891
661780
161979
469756
157932
715175
40264
435297
216464
86123
355370
279129
909227
761002
10270
180848
544573
28384
435629
97641
199683
600371
615668
526278
281736
797326
321160
206576
333529
655246
548852
865938
584342
860772
299138
436861
326843
997697
96904
610719
906582
190250
45472
15041
842079
211571
261600
61085
228098
985383
263448
587204
30417
535945
78507
392246
830440
729435
1076
598143
535204
701422
736318
315400
193310
156033
977802
986359
882328
939736
719250
763611
443526
833702
955283
614081
452
561156
602887
783412
693738
742873
388431
936262
904099
334897
692342
142617
262983
101408
312121
725636
347608
691146
961579
508912
140591
873310
906099
805648
163683
709390
9075
689052
554108
528022
990737
255455
880960
241443
428113
84025
853764
110071
790678
294394
658687
198564
434377
74070
63405
838214
659862
749107
529820
571183
30862
134080
712869
341653
773959
932065
286130
88736
999519
114255
791734
868222
348937
952420
230277
202783
727162
238276
40325
352757
234102
261604
272518
394359
134312
11959
165710
174355
60178
341566
500071
5304
97549
297
699756
288845
324757
475452
635237
894577
440668
555032
116763
178576
299310
907309
866888
299204
289727
660325
902385
800222
59832
425276
682061
606895
716599
582101
255742
369038
558562
373178
701374
983043
461563
223388
796986
790389
849387
336591
47783
303126
940620
80432
660227
263503
353364
151960
490282
808390
832510
926122
622507
752959
357127
772118
815606
7144
359367
751166
26283
682189
62379
294948
189027
215328
951513
54547
622853
987591
535160
196261
473198
186520
509241
562923
265067
388214
613338
513263
221194
824311
693204
511226
912951
880834
370480
452488
313468
571782
872031
20668
795089
97623
174161
716303
404273
999456
205768
26480
773083
452967
486437
727782
284061
460801
756339
857116
910444
982393
663147
156147
567155
353047
819751
28183
646259
133913
114176
496077
779385
773071
823409
742920
749445
383984
662432
679814
142428
372334
246317
541504
502536
404610
319068
89540
61513
258994
547158
131204
822845
774187
393220
548889
879379
655822
396167
287239
249006
385366
154163
869322
578562
61187
643441
705199
231111
666836
333258
787523
502314
713144
136050
958415
472708
301092
280512
831718
500225
215774
74437
871315
907436
614445
193307
457351
858331
66983
612364
629765
802980
757883
619601
387579
654773
898166
317465
615318
812057
780487
589911
203797
761172
801652
539258
728540
379291
861435
800620
958881
223915
896916
26595
678344
911264
956073
836764
372531
938678
172155
882557
883291
904207
264886
46939
521841
483404
376747
441986
325764
737190
210613
513444
293515
418173
567193
61607
285193
641674
165639
85156
233024
997025
33064
851047
292155
943697
191354
36784
376813
830304
767575
77783
540709
407821
239391
895048
334096
821022
824843
118366
103446
105233
224889
388286
344051
375386
390526
859105
171776
380783
747958
769687
651623
125904
37006
834975
902191
513330
425386
846044
920773
15749
866980
146568
769504
795040
803346
426659
370013
87618
420543
12016
931123
391852
43806
568667
832523
796661
634810
357285
502355
563712
776325
752222
202409
388925
866281
410127
791381
866327
332270
735754
341443
224239
481524
664136
999619
134650
42784
135671
207390
61108
386580
735546
906084
968789
539385
801587
885647
103842
696274
240787
282325
806901
84920
376328
500959
773431
623235
196634
977622
975129
607623
713633
588749
651786
300539
62253
946160
73005
21948
885364
273036
717953
778766
753172
42415
937749
994078
543301
322311
271560
971374
913307
420753
220939
783399
58096
899690
371427
661467
6388
319669
46635
859178
352348
584346
690455
6364
715963
373781
54744
211190
859706
116481
143963
998507
160154
792287
238960
638100
706425
901527
831859
329871
734879
250210
925017
787458
837627
988946
375130
433455
53349
13514
305950
621194
569249
713270
625669
946597
583201
551979
356119
292028
342826
934008
30985
228785
666728
673051
451995
168447
231669
877796
129273
76711
658918
136739
791361
932758
897069
513756
316554
933143
183547
638628
794752
773505
643239
418740
540702
646161
568873
793235
335700
566382
999395
179638
874081
433103
533136
524615
50358
924534
769186
596366
806538
267711
653941
512277
581420
41350
674651
101597
316152
862759
778379
88580
288531
758697
140438
530030
897911
618750
445574
605387
36368
37339
156960
290077
734860
907660
994389
341088
862756
12535
51108
712605
22130
513187
3123
425386
712149
571345
958015
771319
731004
610346
164023
707488
327454
218961
288098
550090
515184
385615
592605
356073
547996
789588
480748
618668
191335
841618
574223
116236
282491
828654
739456
737013
987612
80258
522537
833006
742635
300981
732537
636165
239577
158814
258290
810660
98602
107865
74605
759708
119046
675038
120543
322404
542488
192980
139958
251994
292964
356034
854963
570930
93489
861720
363666
34225
665483
908377
110181
135478
924136
746510
229689
649867
539978
850818
644091
319235
763560
309207
590686
201567
91102
577464
652583
118201
45837
117231
537234
926425
5802
38907
339531
179428
501437
741099
300440
239716
139759
984259
193971
327900
868154
39881
303472
738948
770809
785467
687898
207308
21146
496330
779516
989971
479268
941409
790745
467275
697824
43015
35947
611588
449850
778697
96808
299040
834096
615261
627241
838305
229716
838893
570445
964270
678815
339982
695468
874071
508813
271836
754843
341289
200926
129141
824151
202420
968160
238653
456433
371789
102171
643714
600669
935684
253251
200523
359256
119271
565792
108793
106587
661743
638459
737979
356615
240701
46992
245961
590975
461683
371202
430897
326220
259207
284644
534893
785343
458410
836850
730811
465024
913270
526692
13201
999262
413610
525557
518025
667573
957490
44550
611132
823261
357815
407173
748853
45387
788496
271371
40896
999531
401720
674001
711091
133320
83085
442738
359919
298776
235129
80080
431458
452500
189488
106090
251014
516793
710608
84061
297775
461242
436996
670933
449310
510632
30827
276560
533827
882297
772447
827242
569398
568730
832021
66146
432067
2484
677626
506019
252811
531318
806738
413417
206841
757472
837106
999327
658520
18618
983783
591156
9658
349029
398221
481274
926283
324713
750153
897980
1577
299813
668235
636312
936000
765083
130489
729211
722263
976320
522733
377057
172103
479149
929639
923090
186321
988576
734205
966124
915787
171821
738799
335074
321353
797919
372829
370857
229499
768469
544671
388391
311051
254188
231515
567847
794891
102097
622317
640798
637267
577426
665071
448590
672925
168998
983258
860832
831829
991591
186943
113416
482937
289130
548002
488269
922559
723732
384496
764204
290555
361230
247030
511925
687264
514800
76829
181385
675039
605249
102198
571985
924622
844319
254835
514884
149437
373375
36668
155497
143940
80708
124768
458834
950754
679905
111248
400780
256100
689621
894822
454969
269000
195803
150462
195836
920312
665407
496160
836036
751920
585205
673944
475515
854620
471718
320063
313943
153497
321292
671826
215322
731642
113269
444289
733575
839844
372917
6016
8491
389885
57492
813620
992262
101593
377647
461739
525410
730636
267453
464855
958122
714671
76603
33791
234575
393035
506560
136074
316259
737702
985917
982420
528210
329700
238818
184982
119465
982366
171214
417675
587091
832689
706436
341876
908222
889954
794684
714363
902562
438651
653873
291438
484519
600307
594250
292622
552801
549241
773270
490665
603513
357807
204984
98347
314738
509431
224684
465311
497813
909641
831299
176070
510804
405165
962907
482416
67005
980370
332768
331474
550262
264375
807816
442844
899164
121837
298808
662414
477635
231418
483862
966319
324522
700567
91448
603761
375702
804619
727663
898294
811405
227955
294903
330313
91475
606657
98409
328532
29180
25958
60320
332173
903548
199578
688162
566806
800009
985018
310114
590630
748528
292323
314474
610462
67040
719004
782720
203791
651073
35698
310242
177071
329473
457708
311757
745203
478466
394865
583780
955779
762204
466502
954767
48944
577505
535277
563978
188029
532446
937452
996261
909184
300405
274676
144667
682038
960382
567042
95009
304922
437860
471571
263927
695035
891315
142315
996569
64194
189155
49376
726833
219270
407146
958138
263239
12015
693242
104093
712891
551338
38061
814221
660638
378515
441551
861105
561045
298915
201709
732764
836748
498317
271460
298043
955087
964641
294592
303135
453929
503387
968905
349034
890142
937740
975405
308207
777101
339277
735088
9767
521839
301690
520359
758565
786666
754587
678021
814431
777184
927353
718474
54315
813507
241160
72798
68477
664603
39458
114256
161961
180457
327198
937871
23714
550996
176720
837455
243849
360974
149062
57290
380362
401368
253088
45632
860094
997854
186100
455037
706007
890399
713005
537973
596234
315703
94977
592899
541268
211585
470942
193315
542541
677830
72064
348933
349579
437498
979675
868046
376075
96481
50437
235968
741792
436032
980181
286107
33009
705004
689987
780731
558466
726456
5671
695625
112639
214794
357691
645226
180346
647452
94873
978402
174832
528305
333997
230790
529577
814412
854973
846035
316616
470784
166892
223001
939271
933530
945437
69285
933155
653268
952813
998518
987855
565541
385874
888508
383111
897554
386748
35648
654100
522266
294793
169241
35228
331249
755146
618263
313803
896929
912155
468855
812493
537140
713048
35448
263080
476177
872739
305351
535552
798602
217300
709848
436733
316925
649222
757113
509530
362730
328377
575410
733027
603063
138494
935250
12017
32535
230519
481809
29728
59723
935165
151374
928474
744733
115266
594524
573456
375589
820500
389408
647661
413676
374863
126441
840637
505505
189602
899954
475449
616246
572103
536179
640505
971763
205596
209501
497431
942690
802161
530467
908513
655132
588057
404570
801477
383803
107732
378511
160745
585951
643230
956768
267870
708652
715330
558496
346971
884694
207839
908914
878380
347820
846021
538280
202738
948720
71922
289022
396240
963787
612606
177958
300772
801159
961104
159370
365509
171694
681598
217495
617714
591022
853009
821716
747818
423765
630706
181449
400708
83686
781709
885126
178407
46762
960566
290269
170250
785579
743700
959416
580488
460934
811351
855934
1231
255140
666299
894124
687757
591174
479674
332022
925944
116469
11372
904978
394342
471173
105225
239534
427781
768317
624180
512278
434030
325570
463959
291867
796459
623554
336839
363586
878552
279175
705164
655198
157585
499005
304971
2465
91113
383907
903772
707637
391251
599812
809475
672020
606027
748165
826555
34968
207631
430867
220800
77610
249011
231209
574644
761735
618528
941100
961086
739249
410173
438858
26614
184104
927816
900684
679606
431212
16525
355023
453750
862904
952554
128346
651256
472917
859692
213764
9743
738158
243381
867808
442530
845558
375783
477018
754845
959825
680956
730899
314791
813111
527194
446714
33968
66719
720396
589840
244556
868211
598232
667698
546682
86199
972853
733560
947859
419219
621055
576302
77583
730672
508249
498317
235569
287673
9584
76575
846306
570811
997486
214785
322396
149766
384566
438206
160008
558733
222226
561999
11835
487962
868574
596992
146628
978266
437906
327536
91455
430555
289393
240419
510562
705931
730017
977998
847363
115815
130166
892430
228126
314055
262471
606984
439733
278897
184886
267715
255135
142300
217944
161467
723708
46904
877041
354366
325296
295296
470646
541520
36823
488848
273905
603472
236247
627547
375424
59382
21313
277581
884881
79610
289555
900286
795129
980912
447681
663516
706345
201089
176504
46565
456980
749404
908141
735381
714437
306451
386406
303623
57556
112524
440676
302145
321152
648278
308689
447441
424229
839775
232458
650776
157042
704912
325886
335653
23716
175647
772639
89576
712925
87701
444076
806970
584677
415065
787139
698997
261550
46914
317204
586606
184029
100864
703406
5221
333807
291154
939024
544880
780002
276798
166981
811929
795241
546715
835984
440619
324164
166839
545529
450973
105610
385586
276137
146370
451508
127355
328577
873024
798930
382391
581111
470499
266161
452321
991471
851200
606303
6824
537082
811531
443846
76274
902368
16490
419776
602913
439268
926517
271850
226444
385293
648607
76698
219944
288114
489007
259564
262092
766945
342358
174041
700236
901392
739987
601346
180516
268050
551154
973853
873850
954834
495970
544738
372028
611636
400104
749210
478087
10255
48321
667043
115656
942536
206066
406904
404669
196784
301306
773857
920719
560786
878742
177717
682641
134372
440870
414155
231353
259544
702734
429200
736926
503934
334219
781256
664463
43719
805835
756584
799825
718934
431531
390901
329309
191412
213787
73434
620251
47850
375414
891829
369206
861261
926896
