25797
503306
972046
859121
773147
743195
816317
790704
952450
431489
134002
211055
537071
679310
50425
217014
57008
736773
910181
634370
856804
429539
493535
350277
827476
80717
959407
787907
524433
215810
737470
912350
504147
791721
933597
330864
146075
220392
834150
377376
24155
139914
347228
788818
589518
562476
60469
549330
898633
65896
564879
394356
723913
297020
599109
183058
309710
618353
195
531320
468738
289112
245924
413706
949740
758602
678385
372776
191046
572112
555402
57753
285908
192778
612569
396473
877162
437989
160568
321662
977215
137618
423678
707843
483466
41854
401040
176093
363172
112611
109521
5094
682167
161153
412879
662485
785591
837772
721720
253625
345089
500751
563745
948958
191382
381692
299825
707488
705925
341691
636292
239597
456897
180882
27554
337087
254814
106350
51635
634453
774080
616366
883751
929714
572471
343344
383385
86772
590975
752350
745237
568603
810492
623180
324704
107601
372824
770566
479176
669764
456522
2170
992643
126893
655517
780533
785748
750839
958551
528246
974279
432890
923449
242704
605225
700411
836793
190038
111537
81382
299948
752889
226170
982812
583969
732094
607109
262872
893047
761584
575702
207216
234566
61291
6143
986571
423321
136117
727390
782904
243435
449130
441563
738282
445243
783198
786246
507804
45200
46327
483274
540004
955440
649282
223426
789806
604383
420666
745483
463022
287322
981868
697661
14956
316912
840756
556271
551079
597123
408708
322116
503418
7479
77671
811377
362431
630099
726179
704387
271978
268158
804772
906088
249387
849059
155182
311056
586009
860023
282275
136752
46116
555948
240322
758779
945157
105436
82746
906873
878764
858791
252696
885255
428715
177572
559995
680224
326974
965332
307162
670386
155368
254481
904255
877024
354967
727661
604715
144164
991299
336253
803566
489642
925558
783845
602661
59090
822378
474377
110119
787158
480774
818172
379842
897131
418057
22860
391951
310717
852463
333666
167402
703694
44210
457315
882211
399412
389540
534523
333892
592489
811082
267495
481462
255676
267773
108894
596252
754187
941024
801507
776682
253886
230040
717313
62434
444287
241130
453372
204129
147169
610643
131852
320250
273986
655691
643811
635205
140587
86814
48302
968060
281191
448268
940441
736509
949492
866710
747471
709028
37450
398826
322278
796924
480784
524089
20098
464346
698550
857502
440707
843100
360409
345128
957774
572418
622824
19739
56183
621366
475166
404860
881729
520273
530695
861605
837838
205669
352507
343741
54164
173866
969297
184463
810918
811019
386457
564719
4512
271384
314208
904956
652433
540039
275122
321261
450556
897426
934806
898575
434943
232327
229326
345849
352230
304238
295827
188165
89804
452031
641600
537869
618198
203545
647267
605575
699065
734686
321864
417209
665217
165526
385478
679714
947880
545528
133452
468619
54482
798262
307364
202095
16808
657653
644420
373151
682128
860761
600285
528619
965543
468872
115566
930667
622776
453395
48675
472157
632270
767364
940037
969028
905043
443674
92032
876871
569403
561300
274442
568965
794887
29612
326470
799685
153425
859442
963896
410342
4928
867894
652716
729984
248905
554564
501182
433
423757
791371
247413
572657
635900
907911
865832
67521
544921
605333
243452
135080
132487
665165
522412
658002
196866
499936
837750
232949
237585
50681
120854
312089
818091
789789
647885
710100
276336
166951
637470
234814
947205
387942
270047
281018
528173
829175
165338
774252
237752
341701
875961
195396
99258
464652
999937
621905
483137
977323
215533
579119
632696
193537
612496
81997
589416
434333
384855
154132
512646
92291
278939
692235
866958
427129
687987
850071
658626
100403
613528
296991
450211
734752
56154
472682
983926
419491
892190
357366
577979
844856
739308
404999
17033
412972
834986
88
821190
973255
851321
669358
472579
188498
776892
295121
971932
93839
662682
533236
736983
789551
440542
777601
225931
416921
146139
870546
807042
108935
360023
272823
335048
352993
549052
803893
725241
712449
401030
497766
439928
340488
791797
697235
423474
172019
417472
625364
692908
33728
164108
217100
913181
438908
813291
359141
216294
169439
652751
529540
790232
628706
931468
954393
23950
755899
392740
142054
936525
959162
979670
778483
740832
130320
782750
294528
61841
41561
296167
961620
91184
220897
743726
374081
366103
472109
382888
610106
763228
626900
422333
786031
561239
966744
936146
791357
164646
533714
947627
116660
184026
927173
489481
34840
274481
93937
877642
314067
541420
338747
193203
567462
744451
911817
357084
64138
322927
131009
20694
714936
956299
619647
376439
504205
785218
564035
853875
157038
420469
63563
328485
513400
954520
734905
261193
95956
274509
168965
573978
617421
358965
441202
432313
341856
499947
759952
831539
473836
492845
743090
541177
999342
453007
172057
380494
152520
608797
70214
848684
946053
453656
426580
15394
869653
353448
353219
525429
150686
540179
26881
705896
777206
192379
667372
30898
185132
135436
8193
519773
96783
2884
366696
446598
833989
415633
81398
777984
889091
293047
947547
9448
701819
557941
510188
807493
760348
625363
346170
533714
684625
722247
840949
619559
475176
13885
657706
372591
822959
752019
385202
644060
71796
879232
847822
589173
426966
807052
616621
383505
654378
914436
251884
669820
227931
807937
263918
644325
958123
572894
423852
612382
652100
724734
519032
56063
577557
566405
787220
299623
223490
950624
137131
58305
801274
876766
528815
494469
224031
277602
738626
661860
389009
948473
729293
433664
373176
736587
281809
232351
249696
487600
590019
506085
24128
32954
17760
207234
371038
683703
334920
579317
205814
120547
741830
699658
171171
113868
254831
54106
690703
256095
844390
63083
583273
915137
870994
193821
771211
655157
36313
817634
230200
647161
823357
370770
287454
248614
305077
502478
571327
957110
746181
144949
684605
822575
86207
43078
263345
311259
310988
842045
835124
848850
620022
652761
900397
535927
573386
111113
299571
439781
616943
164590
360119
601235
463008
401205
40089
692250
772770
663796
29845
633636
934776
560701
795515
57664
910391
369167
990947
945768
269676
349751
601149
737812
606323
68591
193369
746067
623523
934948
819612
925894
141057
937745
828022
368609
369720
158029
292181
921993
982188
9269
167918
527657
269165
153702
781502
882124
765431
464196
508478
131716
242074
523218
165759
993284
589942
17342
108956
598922
388369
174360
635654
889088
998712
290416
780936
52100
888623
191547
541282
286451
681101
546746
209644
373066
414391
718648
181474
150316
721779
844088
464383
583521
768261
806061
266077
288105
321990
51672
198113
974727
157496
385935
84735
339658
607905
227564
619193
609871
227795
452157
660077
865928
286406
885455
448373
401178
636356
25822
373102
161659
654088
381690
3836
254511
808571
663855
891974
396743
25444
294849
339876
887452
857508
183272
658612
535941
2912
987182
329950
107722
928710
302603
534997
201465
179261
809257
773290
473241
208714
293182
703416
286992
762117
333992
476653
219295
62334
994367
620791
140851
89292
614170
744065
342491
102215
837527
947950
159949
873504
12946
758195
156959
28773
774079
967072
790257
977988
509127
972575
643247
957638
443794
670817
195226
201460
667203
543248
872167
420535
673087
691201
693272
762976
840824
415558
982058
515250
586160
491636
820773
767051
882444
641980
372412
413097
146529
141636
556333
179741
475119
122386
14326
613088
89094
269783
95156
449118
296633
890393
126405
683898
957417
966756
476275
535770
743929
410799
918578
663066
835795
446808
509479
848754
145086
646901
983490
687830
679409
765732
627745
650598
382988
414129
570678
50936
205244
299199
300680
381087
399474
407008
703911
381440
366711
581379
697117
139078
46101
6645
153969
304817
831935
565379
789807
833646
948020
505335
836493
63654
942221
692929
694139
841292
638728
767625
154193
5723
462753
158381
222365
850215
46236
179882
77797
879650
192517
337980
429963
703456
370697
327637
882745
138341
875188
392531
643380
560682
268122
57233
551983
852708
363026
294806
890886
238917
691857
955193
867371
761299
63836
634099
150475
430540
258288
152905
334657
244535
299272
807580
399559
294443
787553
464174
880612
551837
726885
750776
901443
308529
780666
483590
946358
800783
561054
344592
973373
148369
910761
232114
630862
970674
244090
393622
984067
121760
999497
662900
636914
52856
350081
166775
664146
927471
8381
689475
901546
965210
373505
797060
341951
303660
536083
719064
230274
24706
452710
220586
351386
199278
448866
466008
628515
350652
438785
9567
36310
90600
487077
263179
558637
517568
174490
797204
88162
367062
172861
492708
209004
163687
188115
800036
220823
696743
761572
618426
222745
972227
895932
353007
989888
25373
196700
780335
459216
933210
672951
670077
358688
72059
915284
676426
611839
335610
440085
918300
148140
23257
643949
20245
808269
771805
14282
598597
82715
891906
424042
752882
794716
625154
12562
82621
505529
817504
425314
203684
888667
626022
901005
590380
491553
93428
404055
710847
890712
305785
689320
986526
271728
993194
93161
149831
801868
749544
983752
613955
453170
917859
264619
485084
999951
479128
121593
729199
196856
288867
143730
851882
571139
987853
912921
51184
410803
876503
606661
869330
252420
671357
367733
110908
414180
904522
771272
356555
531468
332955
672682
301183
801697
127014
476775
684347
479789
293881
260846
704741
555612
12400
874093
991935
133448
900122
793750
686461
666416
564388
459789
951118
479363
751774
221131
600482
505331
