566452
567702
617113
325774
273564
872118
103593
413708
22027
184980
653453
539973
480911
180593
709610
792521
485458
642061
919961
223688
9534
492571
943530
698835
890274
802533
852246
202611
347546
755216
869253
587028
464086
927162
979016
644832
417281
899485
111690
628528
335887
593070
364636
565635
884635
462514
637154
644930
515300
584719
1017
186276
594975
66081
309872
442435
868626
323009
401126
677223
798725
908208
618848
10581
507925
735961
545333
32799
479667
188198
398203
343643
339386
842982
864309
79067
671937
780225
364769
248652
759945
487436
818978
435122
600960
928304
496409
612894
573322
158674
264863
588684
419370
389729
504639
408253
123620
450836
547164
243677
207882
368126
472970
399776
261228
170601
959496
666929
654935
106858
866378
876267
934726
355846
58498
392848
211940
821540
788055
715525
463371
288608
174339
459961
107719
847512
792112
658556
632196
646747
173555
902060
775690
214084
315383
902071
920237
753547
639581
900589
243533
846618
612245
912491
521931
540330
54058
581380
247178
290735
570404
654356
320079
59561
136736
672510
522961
483764
223428
650501
461371
770426
915677
139780
869214
144076
936504
751441
484594
81094
390151
938479
11592
160595
70505
306409
356369
412122
474334
580496
929539
277781
610666
402500
744773
570151
729212
49602
799435
696988
952667
989622
319789
175953
818264
827406
129737
627654
963350
116063
602419
605282
410332
223801
545721
263357
742662
253486
334754
579474
481331
362867
957502
23899
612772
781263
172404
855016
324838
299269
108206
594747
549661
648540
782416
646770
878850
996447
699598
370476
577656
830701
108572
922580
471885
669456
254299
409797
168913
168853
12258
401411
487024
736618
94165
73280
677610
135564
277520
169623
602745
248464
195056
255396
8511
834555
906594
77247
383014
781999
971656
631698
984796
271725
51346
852349
713820
437628
211717
359350
25675
542770
515066
884888
69383
234676
417401
55742
702317
409233
456620
226753
753052
300907
595057
293657
49408
935534
963209
161625
861580
97447
204916
723648
749464
774075
604651
585312
189709
659536
215185
608905
445229
564273
306803
745513
10514
552044
721601
243594
240868
183849
483219
463337
21779
946148
586019
35467
287061
801896
199759
389930
256127
468314
26268
744942
689276
715228
437343
554341
252286
672972
630022
236060
763037
278609
244373
200354
154144
972856
836652
157576
241143
546056
810714
635125
653882
1998
202409
351904
440136
283134
311827
486268
474777
109870
963292
448756
728486
106508
811842
350331
484518
89243
675000
196456
964908
637869
226704
165571
991879
67629
561456
896912
694087
96748
749211
457657
102410
29793
108975
950668
772388
662761
136183
582391
453318
963252
112388
404147
357556
732715
856788
146579
4098
72218
239742
667336
430887
820481
16456
425951
219380
580264
372179
323517
764352
30153
2059
256631
549748
272129
729376
773523
159790
383745
679300
142276
617947
842040
964746
696125
978814
621643
352603
323083
147181
652399
407044
225607
763359
152869
792770
990071
33496
121994
510696
869703
288320
808529
433613
694099
727609
5492
449131
89395
757625
757671
982988
953307
81249
982228
26839
501034
161464
657326
294550
758236
379235
1820
901049
607279
938050
225738
719308
414446
950257
732767
851292
948208
833782
986729
906947
153173
342888
111612
576484
519719
118552
102710
209936
253741
191100
564452
946645
326961
308128
891405
270783
293349
681491
400806
560893
534152
204745
816083
583642
276566
205284
808162
533561
453505
502957
907885
184129
697259
920059
179891
194250
590945
749272
822894
77748
933196
867731
143608
506926
528576
11939
703574
705402
326820
206915
860435
177362
470323
236337
854905
661153
798216
23103
520961
843067
438316
287744
909336
453236
90622
623036
348804
862687
366936
619566
513052
762700
192140
843517
343198
521839
114502
549937
846277
919341
663875
650995
19546
503769
823949
224293
523647
519751
928703
379338
820015
536262
194279
319215
447249
52519
631383
669958
869507
847698
639644
732188
662503
589499
615248
662639
642641
878038
438067
975571
728677
869120
99938
599900
324722
910459
492927
699620
652547
38288
433548
44751
510834
740536
462077
176749
572317
514562
975491
638282
226353
579116
764568
978661
85134
7208
142358
696940
482895
892048
126813
886023
872779
556408
672360
241677
259966
433800
143566
75342
653944
817169
573146
212981
130765
688854
520829
524844
563978
861527
802554
740521
950340
375312
725211
566676
119526
313588
955714
378408
706987
506859
483555
935705
86461
763526
422605
418380
623859
474567
877679
966725
925520
460950
608563
791157
843038
348339
543641
79844
406458
922415
784755
390125
386847
647169
897451
73413
243608
628736
801686
390421
61301
491974
522155
533766
753980
54644
250145
706275
427097
417312
41478
611761
296351
444953
511880
37321
645167
704431
714032
404191
356769
483477
575677
614960
448500
752053
905816
969082
179151
66156
991966
753370
209363
357531
258529
589418
505959
19074
960508
351614
195025
115652
603530
196199
108592
969878
774767
876006
330449
276824
842606
58223
893285
708942
384398
179245
709014
837999
44332
614350
919762
2491
136942
335199
122740
57920
297901
77238
2204
648691
730224
725856
132722
573885
710788
662872
672077
168973
211593
388953
479376
365189
170858
594659
212959
374333
203701
488615
537795
265923
488158
560519
609809
330460
57357
172628
964423
536526
507456
388118
345355
738079
248154
35401
209139
130985
217030
867521
794215
296164
417819
659922
508238
768366
466074
261403
162986
667794
24779
124241
292729
986996
752721
829266
539320
517038
646172
772001
471297
488844
945820
977512
962084
741944
785716
504975
422832
740199
294856
642227
915957
275050
607983
106552
850332
779712
794815
44826
324893
863245
114553
252596
706349
945195
114493
410765
976098
834199
408193
103764
279320
747917
55769
588555
773289
35217
654520
914261
765633
233991
93284
523686
564422
826318
797658
86420
910922
599530
718820
108453
905631
523329
447545
297282
378960
358518
994013
56002
668782
619247
15177
883779
314451
389728
520009
24435
244678
929613
272486
817106
215166
696085
841126
357806
949218
413989
365834
168377
440007
394153
362049
899934
937511
949566
917036
285189
994324
276771
387334
815714
261412
590958
433341
123933
595802
53673
131016
621960
933370
488557
647353
375882
6459
910398
740764
306029
351550
989240
252694
586838
25135
754951
601876
841508
610761
442829
410934
718988
478940
503618
696418
258118
910995
828536
676123
776003
367097
654352
647975
100400
52760
572892
166897
434728
920683
239380
661228
37799
900739
115609
314381
954839
873880
37541
391899
76769
131102
357060
961333
59332
306637
896255
946440
791973
723625
814656
478465
957653
373940
66974
825505
458477
747331
459088
573759
867646
116141
687695
851713
520215
111306
203771
228992
581256
239744
985793
731443
132173
860999
25280
464426
106742
905463
969308
887883
995821
681204
736973
206809
522113
955543
1764
142832
482178
316742
697375
796156
793418
13095
571393
273559
771297
331858
954262
112373
364683
443968
240512
976508
517130
643873
140142
259608
708737
253022
379424
99942
724846
238339
934295
907640
395479
545903
642496
974740
655643
568731
638058
807261
821868
284010
670418
622753
925317
830426
942609
464030
753949
237012
634033
949678
330624
236075
260647
213739
846676
130602
968051
181482
378229
773247
328860
317716
875261
60202
999752
593505
731805
521987
143001
433566
696745
257766
267701
931289
778117
163401
479931
879252
420521
676145
882935
178585
46011
59630
764927
868542
492914
969369
36930
56815
90957
34557
292726
318593
390798
519452
561384
165737
80225
502599
313478
841007
239129
64688
12488
310633
983
359744
788931
999313
360352
776650
493389
666744
150055
500711
259144
855105
528432
150703
624331
42494
294529
977901
438387
758445
70692
108494
588402
261337
27846
9089
211548
136216
871633
295590
474108
650966
512359
583257
851044
937110
200140
806644
755825
278344
490509
749995
457801
983162
602624
465409
175449
332527
794194
606414
492433
154903
166757
541670
686229
331191
754714
980196
624105
494975
184964
327774
62357
293100
717040
372325
503426
16042
913731
170449
754522
433124
617815
376586
952158
909035
279
334687
576182
662346
222304
818349
677624
568933
92259
477234
655013
353509
878107
355950
152980
700071
354145
468197
819147
335480
654485
554040
277338
768720
513866
189844
726480
465866
341332
221046
944572
361483
224432
120426
821820
131991
333490
63822
469716
310015
676360
671875
9814
348684
513795
647662
803574
994049
696625
220846
53009
590463
714159
326645
769449
107109
987111
828528
186538
589460
284462
797452
111211
728846
747687
453644
707855
392598
401131
28470
998129
38157
988628
124464
725244
744118
438104
357570
22058
651170
594261
757511
477966
858092
108027
346552
578775
446028
59105
379751
712712
839633
392936
930802
774703
6661
721329
248427
743350
534955
255475
606043
733077
660512
573896
732089
860427
78185
750856
300363
907929
149465
825107
290669
503896
711111
314991
603038
687019
905404
101052
677680
850141
255222
865057
92772
420935
580741
647624
718570
819567
620915
341894
107117
639626
459639
409961
157767
430195
316703
283577
719736
293592
311514
393454
67037
593517
595707
758096
252346
45210
326115
579114
476468
668420
972632
612739
780154
191961
412564
253418
981697
997920
765721
852163
389978
254330
933458
654878
117142
516191
25429
686040
474843
556169
62150
613286
329799
251264
546250
240013
319991
136237
228264
656311
740105
360359
923421
60422
87577
269766
29284
686285
484532
307178
580822
102596
33061
657356
845441
517886
970180
280337
300342
116365
744879
27131
709920
946236
347902
921353
618837
395191
364120
493442
722418
400987
883054
129994
365612
323884
998545
666921
212740
291402
46684
773672
98561
101753
44509
178193
738171
99064
117473
196295
139097
491596
325915
680996
889036
335002
727249
911810
660215
631111
646197
508191
498527
225194
742646
167646
70937
221881
666164
104397
607865
639947
821732
446395
660696
31195
541159
410027
851853
87807
324253
665819
156331
937719
117117
14721
675804
469169
308064
836089
180546
378155
815094
879506
25416
388116
389766
12351
112134
952409
24077
269108
49063
269340
822164
312528
319751
550310
771837
881583
394304
590407
475641
732092
542315
628677
320715
353097
401726
153321
110110
161548
374153
524894
473406
425867
22308
359787
120559
999655
226518
3760
793205
85335
346989
663228
788743
649773
769219
152204
186607
968677
458297
988970
439904
197465
673876
590214
47785
111566
363408
133051
860546
588504
645772
676140
116090
10853
116106
832267
86161
869819
783231
911880
834318
932227
557018
321990
75145
774543
267512
561961
810077
896570
498335
721081
647732
512382
983021
95585
465442
76644
637166
756103
522234
579498
579063
941819
369165
400284
744124
994306
817106
456287
744485
705383
695716
472661
194254
189411
649747
810789
465661
243606
267685
53575
205919
911642
969517
334567
268531
521651
863691
893062
929711
584368
403121
398229
270063
851244
774437
487763
949164
679470
724596
778255
600062
197584
574317
38845
197433
644746
830549
152752
435987
221009
38647
446182
165599
703833
129919
483120
168669
768123
957440
811914
518913
152440
373350
596073
898932
708064
268990
771875
217465
962375
332453
188278
642243
503677
232235
269909
867122
648840
277079
55107
980537
545433
376558
399008
486905
551395
127998
201333
898232
397339
475844
283143
797280
993839
334004
318655
245334
472767
920237
684024
923570
188363
824072
360528
977192
770508
616775
368644
846849
407646
498816
27362
726348
849195
797686
355893
356345
395645
215795
583335
550965
606807
539050
626222
329645
518654
721294
963877
725313
477155
574495
408925
808905
648091
945547
736092
986778
371952
714861
591795
979501
829906
217191
778072
710390
352080
488856
639332
181626
633949
646607
866001
388285
539559
66191
366767
974003
761966
79830
27969
41446
249937
537398
906799
35526
208275
396011
954471
758646
72526
606754
728914
682316
446969
7001
79663
11388
302923
199217
60691
929001
544802
433242
647781
349515
182489
904085
578016
155321
352550
44033
819590
200566
592745
247093
110688
104838
524312
667081
464738
9599
773634
908157
30947
864430
335314
336433
615385
682361
209235
856036
143088
1703
337059
111068
372599
287760
747130
419644
467115
763742
309228
167145
176091
802091
374083
589894
359620
517472
833257
849217
843065
730677
235426
694613
137340
16561
528064
878397
466031
436873
253015
888023
470712
629061
167284
963616
427564
584941
620443
924759
228195
787974
192195
544078
685124
709486
201876
355840
476416
488116
617199
449744
4106
353819
511722
728643
398181
216388
544821
268227
666372
508530
890695
75489
299481
547435
95295
970326
449952
111986
306737
359240
229149
978229
946582
456934
120891
903841
49692
232931
203279
272085
650535
915278
959488
844551
936831
620913
946939
31756
375725
570984
874486
416199
99635
920266
187066
663967
303337
308013
231492
501578
487291
379096
858707
376213
626024
298988
887199
68486
963123
148096
725420
354627
257886
743885
41778
977664
380151
330620
398934
319669
361182
600819
953447
119587
928432
523652
703000
882979
167239
470919
396785
503107
289463
462147
317602
919016
236426
991393
759829
210457
600326
411858
997330
629374
911485
834593
468022
379327
248668
899367
488738
235666
718543
315344
735822
791691
844762
596633
646823
608520
625568
160267
572492
935052
70719
851625
123125
931661
784582
879641
56864
934124
494366
626821
813424
156976
440421
906891
507424
316545
159354
741364
836152
306577
275559
524082
766602
131006
961197
403262
336620
256897
922057
383487
426565
134887
953610
354
827483
707442
752184
820292
357429
597487
67666
495316
142652
194517
663849
539573
599394
541189
770776
729559
13948
865034
379446
137571
500703
648041
190859
216922
566032
143415
254627
797986
619965
48869
344066
314005
264119
756744
378404
808363
948782
896326
573261
149166
86974
344385
97513
357297
718305
192326
796656
491050
263614
664979
256180
810531
576833
236527
732699
700076
490351
759940
5878
583472
201719
375668
968674
290556
766228
991855
863553
804585
831790
767527
762605
745587
927109
679521
630502
747656
842490
130812
244384
398830
106482
259263
547896
457661
236580
346858
750063
841800
33593
872865
658307
995296
878245
2705
1495
874405
30508
438580
156861
356661
777335
461699
548522
869776
339210
431214
904052
990245
590949
838346
907372
780330
24287
931262
100775
470967
938117
413891
51574
737028
453218
475659
74514
55622
718727
931228
109806
994486
751653
396552
879138
446505
685380
941269
179885
462153
387366
918312
349176
498692
50015
368138
291950
28462
954277
781340
171409
618873
693228
539220
73707
404378
686579
94264
92223
629771
966445
942566
285556
107048
780956
357000
550098
244498
927107
457632
589300
977758
112655
897822
846966
236912
506335
724754
913566
42006
814702
688245
866366
885361
575825
470453
228922
236285
467802
674492
358978
662545
592256
182481
938673
556473
819697
877024
217424
151258
973983
739649
950335
487136
51689
248705
86296
338574
510418
384767
469878
841084
966030
373631
64236
188220
275286
164280
413385
442529
548771
749455
721130
53476
512994
159308
422933
652230
389962
680959
951009
291075
350912
948451
177408
445084
154888
688113
193192
869013
947653
298767
393151
839507
667522
701855
700400
948328
180164
88156
175380
676247
542223
14613
441053
293584
854964
233187
335295
9518
643088
809850
408057
672544
758351
547453
820554
983579
928110
919845
880955
239206
701060
858017
661746
508085
449183
224174
936759
779777
486352
890896
835065
39378
631115
996460
584801
669665
103123
105651
668015
856102
65297
979560
803048
587533
992176
982222
285143
510939
527982
939053
45534
804426
841383
309842
851940
306675
39998
7268
771190
811563
539993
286693
983088
139504
884619
567026
864394
767922
433965
881133
182671
769132
707
659264
876576
263178
209937
327823
344668
218168
21561
26355
832857
193245
406079
788381
965912
186228
594245
934984
535607
303021
190875
957518
395922
422649
862917
324405
319344
777348
8740
529630
25648
62257
739679
892692
846373
807310
175851
371289
309780
325127
255528
452480
187322
884708
813890
516020
668590
920394
668971
240041
808915
53046
119833
997631
721697
322602
349129
273939
586032
95334
404764
652868
749625
636113
33646
2506
808914
553365
565441
831331
568477
285281
266006
329615
252346
307617
698270
703785
457259
895988
787012
86063
949026
950764
163480
167895
728804
671544
436112
708375
467019
367161
859377
83880
322040
701325
995463
602607
713099
791751
857366
94772
494529
132211
437163
233062
804179
979355
556270
703823
454091
205293
55223
983557
188012
896386
708730
433558
136403
65606
710665
699665
903361
99346
776775
599759
75975
807139
321725
73555
906626
690852
843153
602794
241156
10108
150834
703280
260384
787073
727583
725475
180507
930158
855435
352928
924198
583299
908117
738508
251956
285854
446567
760693
971971
682697
243388
77185
917939
628871
303007
495276
680942
116640
768890
40658
555196
464872
613514
898932
406480
84690
720705
599962
587708
558196
348337
189406
705324
316372
564616
271314
455496
81922
405354
797517
496214
24567
65659
315746
314163
687612
484572
709984
145371
600485
200758
731943
78248
117318
753721
164906
306999
317553
309293
263810
746311
446317
217494
305324
301005
959188
256170
366913
712089
492735
513912
906931
986559
746778
696187
775047
525466
395678
587337
403090
484137
798956
232868
348738
178908
353621
633771
127402
91889
122947
854359
123046
652365
408134
142313
432821
63819
165421
270599
260475
678109
615203
138452
378026
177612
272813
42172
12086
309906
357940
912441
613527
428414
246697
259773
702856
759937
627334
877378
778533
508601
73288
944138
632740
770860
343666
961980
527968
514798
388099
358476
826767
375933
956310
804577
560719
57805
886900
140489
504539
425163
902231
530359
156193
983993
54086
830695
700857
942974
842733
724088
329587
608662
511079
279875
705301
315029
643540
686151
946717
263016
401152
151282
935016
58861
416669
426460
709666
871928
380410
281490
568363
811570
792889
215179
895239
295211
365308
234097
788993
143112
899762
102602
231158
789462
964027
668384
139284
284420
723601
352922
15770
203511
777469
905001
159884
262153
370882
356470
859782
446052
892677
431980
314224
606161
943267
793177
622420
390080
640155
595754
739965
726599
374762
196826
959116
944533
175687
171851
714287
641200
794171
708093
36408
703096
922680
666037
537605
241453
413371
786074
335675
435802
499422
632231
288001
708899
337853
972443
751060
283084
697892
74233
926435
470572
409954
187252
724955
436359
172140
987497
631520
785045
929198
301641
2741
198592
183596
438658
607869
522712
325298
313437
741739
875881
793116
230884
759090
717226
369779
712362
569835
949292
940433
821276
776585
745146
275755
203684
643095
391625
87382
801207
136731
467147
331400
742445
961095
137918
255269
307374
363945
774547
509121
867855
68232
413808
963019
393525
95266
322514
451075
990851
14806
538287
658528
163928
183507
982339
270238
281284
481389
779803
582115
774557
10449
106152
765031
430597
673406
186034
602676
735299
206425
944814
92548
700752
986788
152425
57173
357445
169287
143265
275717
214691
637716
493204
290807
612709
545957
227848
637575
90290
476080
88223
183231
370106
264729
663177
324418
846146
498903
819255
38250
206725
702303
319203
481358
838935
50460
122409
156703
479799
995318
807778
128886
612341
99070
535062
237395
591695
790395
845314
807862
212366
621433
275835
66975
858436
450082
935628
549299
920264
454575
397297
931816
335768
537457
604754
529963
328140
311973
759763
822811
833474
277590
812738
234891
338550
346618
769963
931080
283763
14949
751441
913613
100633
886439
490230
498107
346059
316376
558162
281730
434405
317100
769485
409821
87375
430518
266608
174482
371800
753944
265924
902460
775521
176239
232353
416347
43982
11647
402433
385804
328554
709878
602102
185899
77161
236535
206662
281721
122769
94311
175011
338164
495940
749500
50919
172479
231903
884340
257646
640190
450937
153356
82300
408034
166027
10557
924102
705980
43964
733063
298854
65440
63692
686308
787440
605915
852470
169969
459969
33975
791399
481536
127431
24940
462995
83619
767625
657302
207919
82236
405770
176214
96915
397508
719232
533962
503479
191586
782773
377726
338517
192831
495594
649227
742365
990083
325826
437670
763901
172825
349268
923556
87254
310824
678495
405343
993410
434907
938920
619805
181383
764028
325549
902416
515195
973309
5949
126413
701643
940918
295912
114811
777552
624320
674836
794468
948436
199079
247965
806064
578953
285907
160254
426845
653916
35387
268415
40306
139789
528305
107441
878632
831338
9176
363190
781926
297802
229247
124360
520366
681170
583228
505992
713145
749088
793266
528291
164590
706784
39204
736478
396777
977379
627042
910528
692382
563390
450808
843314
802600
100405
833962
925158
72549
151623
701139
476541
355540
629167
901748
304865
16799
334399
15013
136511
336806
100426
608947
618560
929455
575886
343858
411130
999920
289175
593630
520776
959397
653081
590004
431787
321823
811300
212933
268065
949162
701898
457635
378379
957310
179459
285710
758490
12005
222641
61619
436059
573608
688233
51044
943640
835235
850035
471837
678074
175563
885271
841269
695152
970408
954269
576980
629308
766460
778271
934307
209469
513445
355820
264357
750278
140453
717458
50844
46595
965386
370129
985821
430507
904293
200418
54235
354273
546786
468086
758287
962125
178049
553384
64650
452727
569922
25419
570762
155281
138751
425495
469276
403770
114671
454676
482441
735768
794389
590502
859542
359377
378068
759262
136828
312731
707249
995127
569563
591786
201614
132348
187559
886689
667180
212479
617090
517256
507399
786878
697347
398268
394326
722491
118567
422601
215301
313537
265993
50524
281609
516161
733313
811950
88271
389504
989232
37638
714013
55978
476516
466501
895691
103293
225213
338191
748181
800828
792293
783356
776348
78484
728523
139298
596719
854346
104067
855711
410283
14427
511823
360203
7139
963512
192454
83332
281402
988492
269120
872646
224434
846969
977785
773459
672581
74681
684295
278439
715830
892859
457310
772532
313538
936583
636800
516366
397407
771338
648665
199810
633782
652190
713998
138550
440719
1206
526367
864011
97735
723822
521408
842136
413219
331605
159168
885262
757979
983212
630613
428060
654549
342060
324357
255631
140582
680260
829308
678476
233793
644298
227690
61777
622302
376248
493725
890180
532468
495804
4790
201694
990954
935676
125981
242977
241392
30976
4770
375612
626361
994016
590139
851476
671095
471316
477036
629938
310402
646627
720192
768631
45859
559843
146641
80662
391115
650854
376142
246133
924291
467366
404607
47192
649059
509427
126123
833305
176162
842974
987268
977807
27151
472525
370499
416906
999704
885145
358010
697836
6927
496745
948687
882556
302982
484908
955110
549966
377506
826615
772421
31886
483805
889707
937493
295386
192075
626937
79452
536191
118800
741649
287138
141324
132614
599168
528551
771960
991965
241633
51933
946475
830647
993603
412340
505899
290864
134475
230534
432087
287201
842701
401754
618209
614146
416928
776004
699717
984825
974702
216606
830828
967669
583839
222326
472234
986623
25227
245972
939965
605735
742147
258674
506811
126652
290983
352386
896891
239634
485568
602467
643542
299664
963113
440790
627360
237947
990950
400056
472624
79442
752948
65100
231711
843499
455914
337234
656051
759028
369023
554730
490702
912155
595095
171726
606642
139804
622130
7861
443994
69692
896184
722984
700014
811412
955556
167101
363706
520090
87538
76280
470115
276862
40973
917017
696324
821084
67373
91309
355537
995821
83619
665982
985553
18753
748554
947403
782398
731279
696613
650863
118683
3428
27427
970056
71337
28357
699516
809192
140797
836676
408687
694467
609909
355785
151455
237802
433773
30512
788701
888575
835544
728442
229104
82158
457345
494946
416711
511314
290352
531319
471088
84077
958185
57572
911102
107758
821698
96859
463544
114587
280358
306670
164533
786158
415888
99383
298368
999961
487777
163678
713663
461527
640861
336406
667427
868630
508282
890463
702018
469565
942270
602305
570994
649231
105681
751659
434188
211962
795046
494077
352048
620112
540415
882894
659668
27708
386662
960363
398442
194036
731405
729052
748508
819911
521834
975754
868883
126899
389904
510869
996420
549952
719072
781985
603319
574029
765084
955094
994605
989844
617309
570169
240046
854802
776477
59639
621651
645654
183756
249770
579669
705772
519557
674514
150156
331391
574891
133880
199370
564309
281326
987793
762203
754863
407469
78747
581571
771906
134344
514713
412587
316315
635772
570825
909682
112565
839317
553198
460759
95420
414748
679202
721511
479937
320302
866990
203841
875498
496086
555261
765385
154119
74202
164686
972943
851920
524392
158219
510049
388466
361723
486741
734020
400542
903622
464795
888832
126902
822995
57787
254182
86987
488428
86251
877387
513370
361709
305757
265684
551186
314989
897709
675726
724583
712500
739619
347423
486559
836741
729354
501316
180010
751986
721321
511262
313310
161159
315210
184675
328902
86917
367193
619869
529370
542988
447187
985925
298964
72995
630391
763084
188017
974996
568131
321336
723050
158008
85300
91112
63841
839670
238420
763184
885366
482709
552852
148380
18128
785470
704069
738895
1803
701560
306194
290074
684921
538618
367806
987939
736873
745873
774249
794220
360104
196062
644996
313280
972628
491656
212768
129645
276774
17126
828357
842053
945073
368156
846039
923687
587767
333347
425353
115516
497821
442042
552514
537740
906276
498502
960267
867809
168326
665092
192760
723973
388156
199644
54360
344375
425898
803788
327790
488134
704012
193156
340225
84710
51149
588021
228390
481904
148980
953101
7770
924013
712669
961145
989374
50425
770082
363175
887147
687913
298296
8425
586232
47765
413741
584812
333630
947832
608655
195535
282455
689230
350699
760684
308955
744602
272756
97323
477044
196860
49180
985260
370777
774634
77792
118
339426
625898
504843
294779
428206
304009
490985
924740
114988
645792
688286
576312
245645
334042
967715
973922
230113
978111
522627
59696
578129
949122
392089
122024
336656
440706
540479
859608
924494
556892
998766
242986
71432
330941
155702
557470
12105
927085
605881
541869
775280
313612
115391
491346
722470
522547
164037
915210
908233
461855
513195
345594
98577
319636
928343
42988
276512
415695
234954
932216
74764
386127
912217
581343
794218
97279
794880
853577
395316
422294
235208
802692
62579
107197
785274
296022
52300
779696
416813
357691
15233
190917
368776
789466
883213
77555
187013
326200
898316
163925
41525
354999
792350
723085
147882
854785
865520
995044
862320
912923
640425
81551
222508
172737
931188
785259
405914
75250
207631
4797
313062
212371
821856
72178
738905
784687
36609
167393
351185
287826
846375
559966
478091
863563
22316
972420
424809
605654
206542
66521
192259
980599
94262
257373
169573
234586
730271
43467
480449
859458
317022
226452
946344
355543
744906
385657
788897
702506
630948
216183
114331
171983
407293
222218
9208
237907
855474
965336
379151
591798
753656
137114
781662
960197
154717
822029
243727
212107
531028
549236
876271
968177
677543
533963
424374
93193
284984
425853
445508
593633
638658
107699
698699
251257
838516
52995
541610
882657
220985
573400
634505
937287
230332
919030
981273
618844
466028
373154
479818
523720
490886
355293
30541
660947
787085
98419
317676
886083
169789
403689
168628
702458
359718
361954
41425
929951
196614
895800
631327
228428
72994
562606
70833
155248
150326
542775
546772
878994
827986
661252
580732
636831
522693
98095
382770
298562
463152
253923
389850
653114
612598
79680
666284
282963
2647
549721
174720
983161
618602
735114
690979
816471
72445
386435
324308
133772
410418
161505
686435
443155
398061
164474
674560
219452
8608
571323
25289
465005
993246
183615
393044
354317
286651
863691
525390
137335
227826
379400
291780
594670
503519
916926
19975
976262
756571
432610
69417
893402
85512
75485
92560
80229
292825
176294
560098
827495
339968
813353
586046
414081
420670
961843
511212
333843
634520
460355
565870
712904
366732
91388
869238
578476
498261
872625
204151
537118
239711
361860
422935
836681
903809
886264
921192
192471
318752
554087
944700
39834
640596
218745
545766
22530
43078
3435
325371
161484
894156
687588
677669
977339
238073
90938
287917
957618
593071
456257
355254
478463
390635
650745
288734
171247
655934
497579
107912
875582
337978
423124
268249
865013
141355
886240
324535
6224
352738
199304
295125
348623
929596
68466
613460
110655
59008
178554
630643
616544
151208
72473
620572
371276
153764
332734
768453
590924
522525
576341
427776
610709
738476
675645
485742
839060
174915
135298
667389
735107
631852
369039
324262
402305
962890
889484
700078
641833
829225
533673
261627
98284
121526
447223
75167
79093
399744
53497
123902
623943
114073
16931
703393
35450
310403
824564
526909
566488
896251
656447
627879
945245
387312
312208
614606
907029
652672
936966
16337
631819
566225
159364
56779
255915
135115
485912
263916
815654
10237
988759
112896
115237
537170
277472
74621
187717
560128
901269
654805
721058
286073
736167
764563
867292
714524
480257
80345
862851
757834
966613
78858
818377
720770
696775
839617
830656
326632
606015
730876
302019
879437
253579
23585
562628
166846
261386
540395
392914
437339
757839
582237
837725
451138
971060
106525
297818
971868
456791
169559
849936
979605
365544
838001
141143
990003
183215
957504
91819
135946
894748
386079
992487
105653
587538
247890
376162
998667
679807
716677
646798
870590
260048
785059
705341
527413
452500
862471
531909
149997
153629
70257
911141
47347
78675
957918
928314
986656
204823
239862
815223
428343
575161
470609
49686
244363
947192
73966
374776
140647
858670
944794
395904
239156
610655
415167
389090
566699
235893
865131
135544
272139
938036
937724
106982
170606
750737
737399
788015
626858
506604
80905
406142
942725
48097
120148
466972
578086
686092
210633
278511
650427
83396
365314
560004
475187
236133
528540
358198
285373
932558
824460
922774
570335
790575
494652
693461
492199
663263
195560
720533
546101
807263
233793
575953
903338
380797
964141
85414
374490
981565
44328
565999
609525
969528
147772
909256
287257
367283
551754
848205
751719
624149
173117
210634
489942
138721
603853
946682
861678
181676
499619
209764
400617
669880
499906
759248
309566
770370
240577
946312
358773
670782
656790
983983
77667
461141
881869
246081
792206
763197
279772
832716
950853
72886
806370
388747
292309
883271
576065
75073
271375
278626
541835
144073
116798
499184
410898
79606
162111
565807
87368
180434
813014
270
407077
760119
410067
588773
438524
460393
183718
591841
449157
103692
882188
798726
402102
661422
921930
658936
153735
924088
32678
806966
217440
333622
996842
386437
857896
565367
449611
681654
967501
811975
175364
894169
677785
238626
507444
179852
64105
172801
75013
890806
363071
421345
141365
545872
814007
361237
304739
838807
877844
131211
607188
752261
526064
334398
493286
400703
638528
274479
719076
843615
491510
173700
771198
284342
138351
467099
102239
27339
214367
268872
117261
218819
225864
542580
983176
59584
627427
41887
670756
616423
394786
424131
980838
400905
503550
258374
389519
148417
416983
737035
345560
664038
187747
78376
413309
859706
107556
569968
287762
369958
628566
173703
988926
477329
919870
327698
436203
965779
296229
378934
709161
727435
73391
965697
15683
2494
560239
833476
410552
898375
751253
2587
397071
332480
377560
589837
324201
542137
287994
602648
526168
315156
980672
366942
522000
995431
324601
603476
322232
338540
459162
458405
677253
371980
882896
708829
416556
322015
530414
223317
633246
279370
332717
835327
131513
282544
293257
641320
674300
123874
801758
497787
886392
426149
591314
586611
77541
117085
750849
737291
747801
194132
464282
349725
631853
486815
451900
675052
506871
229375
911945
92584
198021
450338
937734
72489
449383
453262
90310
698269
195339
178479
987783
948813
784659
127570
613809
166774
637737
514906
447966
684799
99756
388373
884207
892524
798046
768485
190028
789441
428308
959566
662627
609790
759238
256958
829566
568279
866233
777340
866283
427669
183981
151294
543050
915941
124693
318001
503853
953900
870109
239881
311317
512140
151820
533071
709867
79243
269019
995701
494206
141500
368534
452281
431808
6649
889553
708607
186529
32205
602913
89643
644520
172719
727605
430669
201361
107693
679545
117433
891929
424529
240802
16207
179660
585077
171640
104995
451749
329520
496154
197230
81334
718954
701263
677955
401963
883140
903399
703624
113281
426292
647342
890800
742165
497896
640300
131519
404804
188939
262568
234226
467102
221224
553131
566471
55473
468233
758043
901791
898569
207027
193295
823346
881978
670857
292577
676463
776950
742141
403343
386855
34343
261683
762560
249978
229223
355737
620033
235309
327881
616348
716147
662327
818666
269711
294686
412406
132812
539773
634966
510925
834489
810831
961637
962304
908832
603486
892878
750861
547040
617979
142549
351332
762925
270007
142574
764906
90848
476280
532801
187390
903195
20182
244495
246893
158988
460738
98030
512024
342003
522301
381387
220365
431483
843224
59052
585636
777823
183801
888282
19082
116550
796118
810384
891327
932614
944969
99024
241572
140981
425972
823308
691685
125859
253685
743380
675490
210751
644898
548819
505806
808339
293448
273582
872724
983077
832508
451791
973017
939589
162202
683715
471441
45889
418999
508473
314588
266628
588114
847603
195465
677920
996731
995185
553021
186291
998730
982849
621098
252955
854106
246923
463839
337788
677014
363967
361188
818618
942980
333117
921298
642982
444232
786380
898481
26209
566944
190017
412036
994109
363096
898205
357465
131772
187694
163967
454992
336426
203987
604112
666639
442542
498494
329486
137524
164310
525906
6982
458145
446414
602623
37160
688207
587864
926265
159887
873031
798324
779986
762955
597465
600610
386020
495272
506671
326619
861189
329093
740972
594857
822530
731281
293392
474293
168234
236974
12469
849566
561342
374516
198484
900400
139289
569649
439921
939748
842768
