538538
864758
83993
375642
789972
94812
67744
946382
474871
252729
923786
682019
184331
431349
10715
2624
869970
7652
367274
96881
610002
913851
958867
70595
472655
118698
837418
410212
990658
281316
18493
80649
408860
883057
34586
953011
355714
298153
934702
555285
716620
123116
794773
979450
703458
558361
925563
130870
367508
512160
410278
424457
408394
540698
784332
493883
618441
977302
999978
854350
771687
882705
665450
943575
764903
556944
754381
684866
530558
885513
678129
788537
526867
531528
235035
532827
789410
926742
534513
628243
86884
55489
325084
43107
466242
778900
551746
538786
320618
580955
412066
553572
873828
374666
982475
776506
225406
326648
83398
192
331840
902286
536713
694781
724839
571792
203228
944556
471243
553954
463417
362493
165929
553244
978643
286522
702853
235497
146320
646137
618867
937855
878208
126680
688004
970849
46570
774268
991762
518624
717473
244508
799160
397181
270396
827050
293581
145919
686243
783281
858650
162315
289881
463997
658704
431560
482756
532994
18294
565815
609977
85403
524340
494942
920404
993469
464008
320166
28713
911652
179194
417265
29829
16322
532623
829026
650233
498192
252548
437580
611895
740453
36220
522391
444512
160941
338882
287960
495886
604623
935523
770692
375674
381441
647106
845274
512346
2971
933872
945204
815026
696869
374924
99261
675837
907547
424021
828114
506400
202607
100354
665605
483536
695040
279526
695181
920860
823295
574822
738876
232236
147989
172307
630041
587417
398433
315181
409588
316683
439905
865490
133510
213695
521149
233066
980108
391909
989470
961902
614909
541851
154706
58201
830570
990700
838046
112768
555421
190943
227169
420236
97684
223524
187012
820580
284696
855452
951340
320838
824626
131971
427047
671533
919599
982006
996707
460519
932851
96723
777882
24596
953262
258986
940735
363594
517815
753383
80796
228031
124282
772187
625726
712715
121102
889521
654905
385976
492933
595480
107776
412549
109687
126061
748537
193576
946648
874016
973636
574189
347398
19174
482301
751406
613151
938979
200027
569546
963937
411711
177107
653434
139076
129231
619340
664451
942243
857620
485671
928003
88594
917799
483218
46656
695390
31516
610666
404845
341627
611531
365593
915085
383447
871298
524503
291916
167145
357294
744787
291689
967123
131370
911052
876425
990769
748334
419789
172829
453266
684106
509587
481424
336946
286635
961699
599015
414996
772646
441656
353255
159235
909642
71881
628319
884593
606757
976560
295118
104951
794293
429900
463829
643896
362303
261590
572449
142954
767732
68632
121684
887425
757561
826724
72339
952263
648262
106493
136514
11577
865536
127735
824721
674280
477157
772853
485762
742304
658040
149909
661178
141946
699245
596979
257409
510342
946317
434815
475784
241649
618061
594456
644068
612478
782520
546739
783207
641310
270364
11793
80889
828374
128937
822716
117413
627789
675042
561084
241413
208087
339780
13773
173260
416701
885871
213843
733367
287525
59990
934869
575619
521908
317097
561726
92554
479148
783559
27764
261588
955020
906808
180786
349778
570346
664975
583456
503184
224521
767936
229969
998927
54515
316532
902195
486760
897121
912796
720390
420616
691331
439606
631515
975541
618360
761059
937960
153026
574840
762645
10396
206182
175457
393534
535510
40032
51615
202545
420628
435765
100536
627440
875516
422184
730869
427267
668970
108758
733171
652100
617137
587565
912255
227708
680863
645637
774359
338058
264900
174080
549800
325502
554460
455453
947641
639737
791124
344367
311213
135535
422891
690580
522794
481411
379399
202804
319914
100783
265936
706972
598290
272001
637699
285983
804516
785465
679377
635883
930043
909434
613024
162885
753659
273382
782667
373050
265190
62309
51974
304057
222259
273173
708244
87872
795348
274739
595520
55416
392329
793979
620026
68200
232854
888595
953217
904581
741923
874584
675266
398305
437842
209827
142152
389202
875176
627111
241076
994055
506347
924251
497711
413730
507260
397709
27425
896533
991052
754834
100385
646794
518154
780351
830843
952769
97046
129265
373996
825673
489702
434428
313900
819899
430823
292499
399701
597644
61882
43932
55899
376711
613663
842660
906490
69307
641321
126613
654801
48312
385214
33275
848375
8658
183803
170965
758787
758065
685194
287141
72891
351719
792382
512965
593612
820043
858471
731454
279840
584047
785559
637793
537000
924798
361644
295002
942523
95561
179168
272974
157502
882553
736241
370065
616900
875953
624326
418181
700313
958604
729174
934993
393250
891980
444930
481621
759571
194530
874828
444985
274031
345479
742675
631857
483277
744363
625513
673327
842384
536761
641865
203309
183764
632664
210452
863077
127560
857038
517430
285036
884918
287998
545742
246795
550548
478904
631952
830760
337887
622167
272604
509821
949059
792584
880555
894937
475420
572029
285619
390361
53819
615833
785977
970608
214198
509402
658261
414050
287046
835733
108830
498271
305677
395764
822275
294395
775547
507213
290549
41233
92828
359450
215045
214604
718592
573198
418011
111719
234001
12543
412207
781230
751236
573876
531650
755856
476203
848241
812417
713005
11886
971170
259721
629160
583623
370609
772671
30783
450238
171741
741986
285868
943402
925009
845487
716237
721042
871213
160369
975808
944250
81357
144034
96818
293493
564279
677893
189054
610612
369932
876588
149689
996389
958021
965114
583589
770454
846332
63171
113721
472766
150771
408066
940314
851727
889068
478909
113408
888724
284173
151633
663092
569379
307310
983713
91093
69539
365414
313233
917636
602115
359723
775667
84012
351995
134709
103706
549250
683583
66580
284960
150116
403632
242167
924704
382271
339432
720142
234138
881675
654804
154941
928712
811332
914629
904995
812170
680093
743875
359262
674772
277299
568014
662356
169011
576718
301699
161763
189596
622636
4311
88113
548677
79083
441557
476621
146022
290519
560411
457938
666707
71390
14844
4867
695998
813331
719833
492029
562329
35586
9668
765250
630326
393131
731823
37080
48124
81729
585867
967703
306261
310856
847944
235359
402351
566358
350746
183469
263826
658776
825374
659089
123597
327800
500147
663763
153794
6770
722563
670786
715895
764971
461685
283593
186140
733290
494514
871792
795692
784401
942120
649989
301449
88954
207816
945189
460533
573855
532068
492151
339275
803695
434080
418469
895331
686940
610651
615023
905913
290178
899446
367351
536037
400676
8324
127473
952683
831213
592045
939780
606551
909252
363609
906704
971228
711794
935808
36284
497955
254853
919394
139819
259541
10718
252999
887592
942442
407058
834385
943349
9657
483889
458532
485705
151142
952545
922461
283295
580909
512589
169781
765052
820181
299886
529515
898425
474793
899362
721533
954813
346971
420536
86424
618022
364267
156652
18999
922777
802267
825947
733742
970608
119700
148686
694728
709331
598237
863740
8320
733548
633345
851711
385143
111129
78571
444026
43573
395781
349499
460175
328942
893517
819919
912107
506854
629528
628434
478703
715511
264220
322075
73413
428952
264491
829022
18752
506963
156946
204403
535343
17354
604157
889325
792234
404168
323731
174627
973789
445125
819206
159332
271048
767417
431335
565265
191290
486588
831791
951522
854938
50460
498730
629095
36635
679146
912102
798473
491888
999685
942822
467876
584903
775222
375663
233822
673461
504908
528941
329593
892400
954775
956652
303230
959939
169819
422130
545303
196211
544972
503852
472088
546744
34112
958776
578594
78928
631722
845607
721181
218223
703269
584089
323544
458152
588870
78123
724706
4815
114221
468070
597811
533465
454105
808964
647107
823263
802015
749882
429814
497718
53958
476190
627552
329841
72015
407675
147647
572210
93785
436841
571315
870604
781146
188381
74791
739457
537542
516234
419092
33600
128381
830730
746343
161606
326507
115292
676368
164873
794151
816210
720355
868360
860529
619931
945121
237616
764798
752265
885345
82305
101689
327088
458181
282484
609046
130739
205896
459097
630440
723513
532727
206031
426225
335162
116146
237166
228253
264462
72004
615029
63194
604374
50294
311866
130031
538336
985155
813273
58328
312787
350023
831923
703796
89797
554526
16943
790057
954932
301478
605733
314864
14823
955559
574845
347576
959569
628029
27280
176592
953003
226599
647493
64069
350900
462773
259259
811244
234895
450603
236563
431687
72646
144850
19367
547675
863107
154334
951814
311084
95127
597157
150974
531384
386632
383029
377780
34782
609461
45822
46720
890377
74980
804582
176258
683011
485859
200409
910445
608259
932050
86867
351464
339709
802987
670326
251029
74424
770920
894601
642537
429380
236841
50371
241295
764054
170895
723468
321326
446999
65925
942996
13970
841154
214880
201493
764238
922091
369456
353859
895613
423124
175557
260145
51321
31897
295998
362062
897475
600743
195488
422595
589780
273728
42080
110030
271468
97805
581517
682387
482322
248013
991655
303780
574722
163222
912522
740595
544121
495977
121021
735540
395337
21405
854576
960901
134006
235695
461892
490872
462718
64983
832292
700582
777358
761681
725215
130825
354417
923784
51702
757960
98318
395224
277454
134855
164748
71034
159469
700560
194229
233452
140969
917516
675248
800601
517066
735807
869330
524714
628993
937233
98871
843647
151466
430792
670999
624640
865188
523442
314542
550359
234314
723044
431476
121312
934134
197918
898903
211426
303071
619432
393304
757735
889618
964995
264303
533501
621675
560929
582410
338356
829119
446099
120209
775131
15447
587405
129395
808544
318878
841971
437991
910902
182242
360960
522187
727871
692611
232132
155329
786590
930643
262728
266920
370537
193777
901939
623047
37092
246285
501624
197650
263670
493224
518303
671846
180855
325217
849195
918868
925251
395667
63953
260765
154445
504458
444939
17609
236370
61257
747020
133551
904999
590106
148159
83921
405145
975239
85016
330948
15846
453205
162824
363772
35868
215006
616432
717550
913661
685224
884534
187383
565069
83724
857865
338818
188081
149461
423714
196215
724877
875126
853883
977688
744629
367095
100146
391982
924076
74821
896088
221380
389082
149486
14659
920070
205213
581321
863494
677240
385955
899186
806632
273829
63268
914282
726494
389467
302515
376087
777135
837828
577093
387232
514655
603337
597283
49682
775988
593704
497736
985407
406673
316056
37203
625453
821622
406438
278805
818540
853960
515887
159638
529644
850369
582759
129870
865173
708097
366448
721580
428274
603095
979470
138335
840191
567498
146763
286222
139733
773860
637237
587490
898818
104401
348206
265228
885199
707276
263216
896265
246834
293767
379415
958236
308973
225518
475524
369344
216507
65107
880054
582920
54554
315202
252627
268832
364242
2717
628196
811893
999367
557423
592066
360284
654448
889261
698679
716146
596146
475119
600819
593246
535296
90814
227220
337966
184274
341664
835824
1801
529135
834950
834279
429405
482687
73549
883758
567520
786132
556185
683808
632771
572268
138694
699312
308744
234736
941446
979357
789620
609600
893254
609942
417264
332123
563120
61621
421109
80433
832127
859162
623047
53836
453838
574276
953222
571386
862079
414628
384245
335829
726572
799247
402024
164662
501015
697518
919179
836636
77261
46206
635518
797106
729438
918649
726694
136149
662609
184180
180489
741017
762315
218690
470614
886140
187787
777595
21179
776535
273735
963497
885037
65352
43857
129196
632205
865896
58112
426733
159229
659493
947452
509009
120067
566097
77636
544369
569820
981709
245197
958241
105630
169160
153226
322299
817848
355895
870158
698848
388634
817233
630273
133138
59846
44109
643778
277820
98592
262766
571326
975506
765131
140890
872554
218586
430835
416259
421902
673417
25688
332321
330617
582150
209287
359500
11226
346300
110213
798966
860917
546992
277655
873020
492240
913169
174357
309561
967415
902173
364004
550604
864542
396561
205383
720806
75782
733424
717123
5989
373507
483672
29617
595575
820139
258803
12659
923807
114960
330783
161619
472384
937342
93201
582662
931156
662966
343361
960597
51503
674541
54891
199158
143588
712203
982675
742959
948823
777513
878640
649729
583538
705937
88861
196376
809430
196581
941856
837472
230894
920214
697803
622889
81142
510250
428267
555350
772900
566632
703092
268707
579387
422925
18034
57205
960985
28905
772553
67110
322667
516079
409676
727168
421762
270415
20450
461762
533942
578725
42130
242193
470759
333854
441909
238798
906926
638531
120773
309961
309542
368392
772581
1116
626515
677620
37779
332852
236282
253038
185972
42896
267277
719875
486931
267098
959524
300544
725403
717318
207144
243609
121276
560438
855477
870467
918750
274979
656595
136454
238077
190458
248186
138423
185118
213701
527344
523112
642638
582938
297792
678693
70863
703483
92434
644186
552630
346119
985948
569623
766150
840146
43477
999235
522007
416704
115926
738747
169377
703355
396947
49746
267824
791269
376174
492706
663713
756257
128285
330653
248903
539645
335080
998269
376795
875309
801788
170497
813969
400815
80034
679006
844993
716746
302691
16094
168161
64672
727391
814568
568188
626476
882894
376776
473600
490777
307872
662570
385189
262751
46819
442921
88108
716359
263277
487453
667291
697148
302054
403249
428853
612004
424437
428568
33140
238328
143776
757718
318194
356328
616872
545436
530176
281290
692063
19481
484224
908642
657613
769965
606151
517346
863319
619813
892758
432424
703273
313270
574061
490349
895863
403681
974363
807334
835836
785207
861166
636063
598597
12270
309646
807484
752373
252184
115499
254915
60817
432924
459188
179803
420532
495156
222257
313906
571262
203638
282348
428142
718927
78028
224366
942544
442645
259874
81875
336399
507619
754568
21516
557683
481394
164425
466571
688823
832609
484590
423095
710891
777728
303512
734260
93768
138898
680324
201754
379556
304673
607587
200507
752422
945900
492434
313600
54054
810754
175546
968831
166602
887772
911152
771300
323504
332933
476638
808936
211166
514189
743344
642574
818278
502138
920752
910992
715162
904910
432769
676640
269349
820095
44750
861711
104087
276319
995231
802443
492286
333789
973427
355623
12271
95055
975900
284235
646910
816051
239112
212839
705593
721884
217913
378180
222276
727524
865483
853497
665237
954876
248328
676947
626269
826403
919572
79090
801975
661081
203784
112560
597216
26747
102542
686303
54126
912245
881698
597966
397202
233816
896398
963452
180168
787467
761236
703243
409938
957354
248708
855852
798611
923306
455248
750825
345668
411177
96098
375518
587946
244811
206540
147264
386766
558251
528865
600890
114150
659235
759183
704497
541158
620764
760012
730782
241981
976061
815157
838114
897289
704275
953064
180280
421323
731239
710129
203433
763144
816968
396138
169919
469751
374890
410269
870002
961476
62710
743314
438337
328011
430469
207746
177144
413484
698920
928565
31964
278140
157478
571999
664568
879696
686181
636164
997776
321951
657857
495568
394058
377620
658266
64900
890623
965599
685766
129687
877713
665570
966139
275953
191095
187271
54912
821496
506
585289
612135
930983
959452
670535
289271
232804
328444
946770
525390
499188
703505
395792
915432
93183
641400
754942
329240
698087
514596
824689
150686
792267
162261
583921
635527
928328
230510
165120
626987
544644
366917
550280
802835
189956
873496
982649
601707
261069
593290
117190
617823
50665
332263
378999
116064
876147
662947
750707
163022
882581
608040
102124
69490
210185
744646
985406
898154
673553
510812
145335
186821
520276
47397
184946
57804
791313
678340
655916
252888
516653
501315
131683
637430
751775
594414
541937
753420
195318
876884
238889
463279
326366
726732
957720
527610
855854
983610
272887
820760
420705
976409
199633
371667
278071
434708
434688
962401
223282
834813
100450
981260
219599
664771
125530
439769
508275
991135
764782
521730
955205
626337
376270
421803
143702
609650
58702
550953
730211
777064
248085
306144
805189
792133
367785
232211
277791
150868
294254
988270
287776
812690
444749
282394
195567
145509
591165
660956
438703
617027
368725
633836
848100
601521
658050
321151
261980
902681
662110
909762
137850
97914
710608
613622
279324
312457
455100
110658
741988
716793
734225
722335
976321
462793
674962
815464
698099
71936
812777
203920
827613
686000
901977
490151
575637
387876
749384
668312
600050
798170
708705
845144
93011
496239
565496
48926
401490
575509
271641
377834
681914
430310
579896
277849
420735
799916
734843
582523
587856
743434
804631
388896
536548
777538
519753
88433
629167
372625
728615
387669
519841
296803
448758
978927
122318
497126
48363
36142
743185
13202
999101
306944
515197
538394
518431
636659
877308
768540
252744
950401
611676
229801
571553
68493
45329
907829
657188
819715
342214
403930
506882
967364
884101
31111
680615
757623
643041
884715
594019
910639
382056
184427
688112
256293
153269
221441
996112
282787
778648
446810
501562
760474
710012
915695
877262
514873
185270
107824
979650
112616
583947
753096
154917
245045
417059
429370
9852
909541
242086
526981
315563
294253
947506
526857
195800
448185
870566
989867
588411
877706
421414
892339
6861
708666
636993
459685
443953
590074
956988
527256
165994
214479
930239
895809
729659
805272
184138
205264
728890
849676
530302
373225
465648
451774
470971
498718
492426
166191
192220
725938
423643
201596
314956
161500
105754
140722
796468
427360
56903
976695
89416
347578
742962
680636
266362
942358
526655
716996
173766
347735
607693
352892
429300
460766
610102
600553
464687
4878
153345
402605
823980
878548
917489
137294
450922
282760
709750
84871
224418
87901
262195
994404
176835
869548
538802
563674
617783
646637
780291
628068
253942
898510
419038
571744
692644
632537
760778
776808
642887
764168
588806
781987
559212
615440
443698
36508
442646
292363
460126
593101
320513
159444
324700
56699
990762
418185
782251
767723
185387
835627
832006
320389
251133
148252
460005
444111
657448
591098
654413
437774
725728
199158
193763
404601
618247
569047
967492
306951
158304
591957
750356
501746
778271
565297
449458
111967
189376
506210
69660
342954
722207
304564
370112
956229
883751
484880
377849
864319
540356
550243
979589
394559
774189
627519
889664
902799
206264
157390
34061
999027
484859
951261
151451
866323
864170
584374
248178
834496
433214
860328
315393
42238
721348
882661
495799
864711
5586
930651
767356
362018
568250
673167
948022
183086
795793
174743
949193
239361
741256
208887
38026
300771
859988
425565
696978
164246
97416
163694
616475
750842
426934
898745
876949
214308
257182
374990
228076
36865
860512
555769
40003
569084
364051
730252
631032
533011
497764
915233
877911
490895
180339
675230
891094
944287
259309
394075
160899
758494
248687
95043
749264
729435
613322
335794
418733
7507
421187
366629
914245
649207
615205
866357
436191
421580
146340
158202
393999
372425
924668
169529
462219
97144
551572
856841
268267
355851
997660
119902
845025
948326
285280
106631
803953
895276
19248
687877
992949
758717
578435
482877
478825
531349
253526
459493
405005
832481
697578
372594
399817
775656
506620
396851
131264
252376
621619
284098
816583
649499
579211
414185
305979
484041
280310
776626
549528
310603
251828
593705
893519
237647
990416
835383
600742
753119
565560
592069
609472
614150
520725
304009
623320
893373
554131
229443
965688
483122
616215
229196
697628
136521
330415
849147
656657
653241
652332
239959
443516
303439
263731
54135
195360
276466
385627
609878
671312
672176
861976
617508
472078
868073
941127
445633
435913
696596
963455
266553
323857
647566
763104
246807
425466
180983
68538
798394
512903
808113
50439
189128
191932
8450
293119
909300
616401
131376
553673
241599
426181
590539
437922
130197
190555
79564
907323
251053
914549
584550
234115
685475
218413
20820
949124
199992
584802
140196
530256
671013
86882
435778
960973
928726
422012
376901
161587
132570
562621
313422
380186
188810
308093
859502
207161
585998
475926
583780
19364
618113
506215
868423
870098
832782
741448
616221
757285
979754
4525
849886
978150
911255
180477
800474
150057
487129
227425
318005
313143
301651
718640
129550
629186
14881
744103
311408
9190
147897
216048
605316
709873
574912
597779
978218
794843
694090
974054
896764
412587
98008
311612
653652
655230
203052
493048
844348
17104
730580
285844
810884
604982
443703
693005
986372
958268
841499
107183
725153
286022
370709
68214
591466
434501
809251
891112
37105
337920
795666
447270
627184
683126
501263
128876
737579
261054
681892
30176
644633
461538
614182
182770
869479
444866
743573
547901
460148
302746
773860
747453
153478
848014
100343
918717
417762
416908
665247
193195
162941
256894
515579
349045
891716
483869
889927
143988
381036
146464
503941
906678
980115
524912
895905
487018
933018
670674
445119
132679
495710
496105
478191
229000
288321
690540
357661
391154
736550
364432
944415
54319
419480
351392
672131
897045
810604
103421
477045
897304
565517
774609
742116
555888
567116
608554
158909
214433
383865
181268
916261
165644
229525
149047
98135
789670
345549
7230
661573
400672
313867
273637
767011
96927
837279
69036
190081
447987
79168
595698
456487
83472
785291
852842
71024
451257
123134
72546
628501
163635
378974
739040
424505
823859
624642
360825
289038
558654
512320
820704
802747
892187
525596
535238
307278
848570
769870
319246
33472
430752
603539
431498
112712
274965
499332
118296
321058
664329
944603
421723
892528
692189
168249
769086
934464
477540
466603
985898
271728
25674
803466
489472
744112
959300
700216
505470
926592
269919
146735
648254
365837
240583
541195
175322
930610
623063
227446
389990
653058
491828
845421
370956
671921
29704
168699
784834
922038
826610
894220
973573
506463
523289
524595
466165
801783
68441
271242
960028
161803
612215
56746
79977
453845
743179
134349
679903
98863
144642
185954
204824
227079
135251
885812
288022
35825
334322
15813
744376
628529
769305
806115
641293
670030
102858
980320
728555
117489
566352
513008
716453
547733
399965
204680
850222
472015
877527
336744
150191
891017
870140
294856
449541
556897
516562
242476
743394
689063
759671
337038
876465
607810
184105
180675
821551
90983
206168
689106
214047
70757
564220
946603
518341
464473
375276
453375
660192
562574
560356
462383
147965
310657
636125
614248
209365
311888
179722
559214
446004
438902
442800
952815
294196
383027
788008
920298
694173
897465
457000
998527
277107
513323
500765
531530
717984
179071
374089
203612
691824
465730
546948
549974
58697
172184
825782
257336
69190
381650
855558
227434
696906
993753
352640
258176
554358
549351
78300
270071
774922
29240
867306
787971
400514
92950
504952
612466
457704
190008
165755
202194
81159
207576
454717
244767
510424
777312
885836
238355
511503
82411
783721
956374
102263
459003
204402
140921
436110
439127
51342
238074
696309
199696
583443
942476
393237
784521
307156
836169
626376
968538
983042
45867
852138
826431
902428
23712
24181
166733
13027
558662
185526
509889
565756
992734
429304
224269
851275
539649
894705
843643
680555
790452
624092
973471
789102
265582
58427
307635
351175
88967
179097
672951
978915
79064
864685
107703
116380
651044
483647
912495
617025
666255
559588
685675
162401
664624
496440
992321
82140
226241
793619
27714
576126
479001
966167
788538
4179
983295
860047
565780
833320
30706
482481
212658
914833
134558
331322
721949
97451
68900
698270
400186
82811
394434
819777
952151
124028
316431
218798
150875
180912
355277
901360
353293
783624
640550
797128
178291
397786
224274
579219
891699
334885
86744
514543
492313
456289
294872
990633
794589
996240
673657
558298
56612
625079
813386
74132
330554
876601
106203
484370
525359
855792
874037
143087
87166
944243
704795
30052
463934
306945
40559
133266
856571
690242
832025
768667
764292
603139
90625
440439
652640
395617
553280
636112
37468
25102
631620
327756
898626
316322
346487
213102
251159
28056
537686
764650
450814
169337
631326
58892
956454
78809
134412
342013
374329
282453
90480
154786
642646
136177
181127
787578
812384
691978
205330
711066
695226
470375
822594
158738
122631
69108
60116
633298
756375
513155
949942
90989
288889
66199
447416
666528
458120
774998
73546
240688
677342
45059
560248
720213
965399
234223
985926
848953
