12614
775633
678081
148682
818436
63657
408455
168342
550139
165969
670481
194370
365244
502737
849842
746055
528880
874177
878570
181387
68517
112238
377258
627187
167590
237456
449023
946190
100338
452194
909190
190708
9538
925701
192020
352568
123466
380213
720439
323120
656276
692586
530161
592030
634042
34363
642492
483837
899534
107783
152910
281280
118845
904352
922103
662764
929858
785774
625560
102956
492270
630316
802655
659099
564444
196337
454601
865203
271761
464923
438905
483293
132230
299790
29451
196660
496340
587059
740119
953205
696057
396177
649490
760498
227124
74858
597778
249560
83695
652477
356873
391479
41753
296832
976865
174873
374374
490897
439720
125409
424661
7086
728649
471898
831187
486982
184156
560877
906588
914892
293150
173867
185667
60688
452078
282365
362560
434957
5072
165173
246761
239816
92275
947375
255020
572611
660558
419280
537801
773539
134337
185216
975110
889625
513107
414852
549499
281168
126060
223414
628664
361246
688850
350011
756418
893487
186066
809375
236122
703399
665843
519441
811720
460326
421491
442637
147223
984736
700452
729961
935705
673645
508517
302203
349216
804847
252266
752739
888252
730853
646715
676066
702991
96742
523789
323353
449894
378669
222705
389873
733553
723508
810251
978975
315922
162234
342752
273142
267215
175553
182469
42092
231604
703418
488594
270548
112790
197416
989199
996643
40837
800967
764527
581028
610097
118639
808197
615133
457353
859830
990386
870665
574344
982163
369970
833824
912092
844356
115192
608993
528025
777287
145022
81756
65622
933983
684666
383299
954811
432943
30472
96863
193867
365334
118730
420029
798724
258090
959340
865440
32275
193297
884443
97601
854177
259874
987461
837165
169044
639848
510935
752146
664779
352252
124501
922689
554432
179041
407688
326368
497865
145097
875812
294808
80440
119349
107422
945104
553724
128172
215207
541538
106160
8042
276428
443528
612068
946495
520709
363951
211581
559503
42266
267525
513612
593579
684119
365928
690599
96152
809231
46552
7641
952326
269990
198596
551297
256615
360777
659306
256018
712550
342028
376106
831620
769669
608174
184754
216240
124895
16396
507695
163603
32763
368123
82041
728129
489070
793090
290119
239973
654814
415384
121855
48788
434647
881537
812688
970769
542010
846071
850158
148156
258043
834020
266664
354002
728308
454120
782725
840853
903355
973802
724134
496251
846170
926373
365259
549015
35729
957744
220358
188759
491553
88253
366120
153334
292186
241190
889804
3023
601615
179110
321837
59501
917475
271093
388205
121166
272012
139262
745478
560196
802872
317609
76634
846002
1956
437136
621725
14218
691644
6889
226728
126158
338192
434161
543168
980415
568878
647107
55948
549846
763155
530593
938698
889949
497180
126383
283876
151451
806236
939525
832897
607882
497725
171317
394574
940399
626916
211408
615859
402529
123255
112619
69161
548880
900490
672769
129807
807520
135225
141567
828000
364412
479423
393380
528465
32802
943441
597062
171972
213775
779784
550603
145945
563125
824102
885797
891594
701714
675102
477335
4029
301830
111124
580918
972047
305789
837552
555099
673186
822161
357881
261591
692653
588513
67815
437546
289352
993427
569235
582129
766328
69600
848095
13511
947993
76001
171830
950915
879320
535050
313792
649672
264401
516627
433109
206005
858866
993338
140062
708862
22400
386270
266060
189762
345746
335671
923676
199541
561311
624842
945680
606824
161290
525207
481312
699972
332128
45031
959255
853349
83040
349252
260180
689401
629783
215992
306953
341643
493882
564012
693249
587388
984931
485311
866684
873876
553536
968122
929522
546939
45483
139679
324395
48696
804521
458895
237072
51974
954496
735612
336097
619444
690410
141735
572943
933288
32779
806461
951946
940202
817572
258952
307105
373764
902536
929847
972834
601866
96875
743342
242661
918489
759692
321924
104810
515447
843126
73546
253019
18302
677864
354570
919370
618034
469266
241132
178056
79032
290235
106982
512072
106274
515717
215107
683591
20546
121607
757319
781960
21685
992465
616507
447536
636344
86571
636559
948098
782615
413626
565766
27571
160754
704275
239252
891765
717586
162313
583723
301226
716340
225687
61778
23763
449655
731649
598125
190567
784514
607629
164972
606341
725160
178328
523835
182784
616083
574573
656006
339808
565545
621112
42147
558243
370339
75489
364241
528753
747269
877004
938993
582925
197023
422358
439153
646233
70700
601135
419685
74891
642829
957618
787156
181713
320901
788103
687739
149977
762079
550069
227037
977402
633489
892512
649450
607592
139022
387477
776495
667095
120932
554805
978556
951079
904367
891283
784607
227771
107773
206710
984715
346257
107547
539674
666885
226622
636993
402159
898966
161792
241545
736760
178759
650340
859101
510582
716263
599117
423233
691896
388684
185
658442
11763
571573
363812
330214
382941
1309
518045
328419
568484
712367
562337
235613
609044
729451
990458
36585
253499
663553
307386
199173
38288
157400
338375
626602
20459
655427
561119
279253
147572
859265
809606
955829
264575
265748
138110
745640
264906
200328
489444
619577
755402
27879
419695
486175
77674
465367
98761
810465
317321
636814
698576
435579
301121
773951
987706
362482
179194
733949
808136
162873
884382
270829
777741
882201
850360
202376
205722
792572
400800
568568
963167
598995
883921
816036
615890
107713
562747
302365
363027
253288
797896
563906
409858
305751
336456
280884
277237
319368
865838
423959
109327
721796
80008
647190
987653
998775
338606
946591
429065
847593
1521
668199
921985
927869
177867
516665
211445
776108
221484
753293
891651
285060
457059
894858
296598
171562
816681
40966
899016
454015
890611
535721
592863
369483
169840
983028
78959
737574
315747
912731
885139
914034
936415
106198
877634
107983
835771
355138
566561
833933
873010
374830
773545
869844
383361
726750
702316
956881
625515
392884
937630
21489
399923
448436
595015
718157
777743
34475
415958
721262
33983
118892
348293
624635
964031
705157
939217
528970
307359
812409
219684
786581
337722
202440
130534
319680
394084
625646
467509
908314
669938
685598
61135
55439
881499
704130
307241
365330
532023
444097
445702
955661
55307
454064
232393
873345
406648
419470
54863
793552
272883
554806
872177
480672
319068
694683
621057
820364
542425
613919
18155
223505
774611
667016
943970
319375
998190
618040
850535
992014
344114
354976
310526
74988
39179
47403
539306
772115
439129
752188
913251
604217
460939
433416
439654
718123
401689
328578
773749
537390
696565
300775
789083
602129
593214
952341
455996
635751
956518
556220
698152
82685
704324
125513
606832
486943
740765
434996
590898
754654
674061
882045
518691
856034
115828
235934
62809
432611
105472
760605
489485
449735
396103
45848
729315
649660
723517
707337
755971
462269
381800
477164
290177
875149
190243
945426
427502
759984
532851
777555
802440
493989
446949
783537
380349
34218
903696
2088
919274
73891
54941
181012
384503
780592
899554
765901
408106
297145
27443
839294
234275
299604
739914
804013
732087
708648
152982
608395
430477
302607
629236
438592
977532
523772
663863
656555
491263
692101
93364
589083
140681
784368
665489
577090
446480
998256
59523
227679
112335
216683
156043
256975
770397
444710
457521
859075
532208
941714
314475
191025
913810
279217
772169
184971
432479
110969
377564
884488
258986
698058
265852
313251
961573
381214
659045
390429
317910
939484
88452
471402
663329
705541
959782
620400
568824
130110
246957
751400
593992
920447
450554
229903
373321
487761
911294
345437
178345
133704
696508
931192
344365
477107
775770
361364
213189
591650
389818
903482
559163
164601
794864
576183
786588
258110
433541
494625
161302
33003
190988
917468
646084
588817
214648
310968
988258
751078
387516
429677
913722
816583
904415
288213
12536
543342
719927
649987
497943
831642
547876
585980
776175
701124
260212
385783
226173
833598
856239
611094
175808
452376
216191
973474
566015
307958
589720
880206
449091
323764
271931
521468
364380
417128
289098
610271
231612
112423
586897
397083
343155
574996
392494
202171
935381
754565
385769
805448
768208
626721
673302
750494
421485
795203
823383
262615
73464
895845
157473
434252
630717
436304
316017
843587
407261
235468
704922
124724
778037
249414
504756
113906
411891
793271
17098
681549
41301
24973
282470
463730
308675
103888
22577
353121
830078
479503
186841
665016
589495
142252
98222
697594
450818
386915
35140
102059
39118
697303
597301
249945
298198
488436
1415
527981
354089
966124
578338
366999
926912
483955
40336
955020
579040
848860
973136
111818
241460
716601
599670
633931
375703
596698
66186
293948
464233
248883
483854
742692
394115
832462
384400
183147
307932
294596
191138
226042
127840
151155
387522
318797
568580
175571
208556
607187
512103
749208
230408
537940
722581
709551
640658
192281
248489
38054
321512
639367
219904
397606
584172
775193
970608
528099
575072
278794
293080
468348
508791
793117
491040
494427
389287
916938
345124
305195
994503
327954
583758
236556
686942
118055
654290
56870
936084
993239
750231
604857
408619
440729
520727
743146
934858
439803
821414
124003
211713
275231
649769
411768
277678
666931
920355
269423
355959
104495
111995
423658
583720
315557
268698
540766
575891
548189
810394
150636
850744
191437
678149
57523
484968
659890
57077
31433
507047
199887
655052
725183
115540
191705
943940
814322
241752
806373
587687
274024
173115
422371
309874
573170
50935
665150
813567
590371
139048
878796
902084
186981
568530
687632
109881
465084
66511
804484
851275
675452
910516
29661
58603
264553
36307
104256
359753
852328
275319
887988
380932
382418
117561
176405
292675
662590
966569
906410
857058
918355
646443
576348
937252
984612
988408
52644
728389
361557
338946
681667
551824
880265
181735
394339
526570
441055
429583
437017
915563
388012
581659
581192
903970
678081
591038
485156
897649
236830
180936
15726
348826
304836
487746
723171
177874
55433
141183
660298
486197
704898
519551
11082
966901
855264
193054
493311
794754
328143
968506
354240
171786
56963
311808
826601
928201
728039
283111
735056
290053
233090
258482
814173
818799
443557
672151
807632
103079
574137
635075
859917
914151
517457
362134
257251
290523
150076
480121
887526
76028
149143
999367
308098
874570
248709
856443
84896
409314
777880
252862
870667
886980
190422
892204
485845
634441
757087
277443
95968
257534
196404
302219
274722
832823
477001
16660
147907
962974
8712
2655
687620
726835
333509
672404
389102
604696
393351
362076
85338
924371
638786
999352
241353
563230
412468
785007
97580
321749
796065
469398
542920
883224
477130
355977
590301
942909
461745
589676
181253
929510
781817
938215
714636
519545
513449
650921
390336
590701
839437
41047
506776
780209
662352
316008
727365
832762
720392
490406
343414
466768
200438
720600
834305
651715
673427
361990
45537
542871
918454
978001
406859
143357
699625
998386
452576
667267
410618
382738
189032
584324
863365
99491
798085
458362
799341
306370
110997
744728
93366
310319
562014
109452
99616
882382
390866
441738
82004
20843
92801
360857
676989
250405
954195
982455
179147
224937
579730
587871
953568
691737
581512
625663
918800
413839
54656
906561
725139
828591
533531
209736
542785
905947
385417
422623
962419
223245
737414
690394
84016
108061
516760
52509
545337
764
182231
555869
279047
293578
307114
288241
551521
15419
403873
583437
453565
768560
422778
730168
818604
796289
976341
948114
814382
665262
396860
684979
820597
661970
539181
802485
102987
382257
522600
916027
757335
47324
987663
698716
46977
657748
289911
340729
55821
956174
868025
805510
956011
912149
766908
392289
653938
687262
953803
644415
121130
251329
353995
110349
480225
536895
503930
538406
102011
717946
987883
192852
22801
644284
354080
102852
739481
104278
782330
784212
83750
837645
854737
418693
150059
343914
956318
859274
219376
269158
73602
641390
767290
543707
492806
982573
348857
92325
410889
6312
501991
10304
512907
772902
396484
256605
581377
292972
536402
456179
112935
33528
29831
91601
124539
587134
919911
789116
509032
350811
599053
256459
243314
888155
196663
770906
941442
757420
531626
577423
643280
519682
296644
393566
547367
874429
148177
586402
450750
169731
108012
679512
88905
512057
971346
959858
907124
628558
580159
223579
140299
29552
663250
454190
574738
341259
27187
243268
239768
535184
615969
164919
714493
984543
308542
263488
37618
380808
954486
262193
619709
37709
672479
576429
531777
129232
952613
908285
760967
154836
245157
699326
699131
345612
410144
284087
323568
682913
136104
327629
199639
538362
900287
982438
435672
649606
241138
650783
62065
524736
590485
494048
252081
700621
389363
834862
378205
823839
788588
533546
555886
716303
180060
599848
690257
881791
693156
856666
522535
456506
164039
172949
481107
626589
348588
354186
637136
715470
464212
106958
743967
775363
429451
879342
821066
137451
913447
49344
410551
471443
210723
877233
658819
59825
358893
959729
643839
713451
85816
935520
319278
302413
220304
747100
816639
731532
567994
56165
731294
204509
565952
540012
607412
450334
492224
765525
429770
406076
44798
352684
410687
80446
445570
374874
892094
132987
854678
582554
80294
198020
565414
531738
236562
867927
29054
699893
293108
841780
400734
90643
510021
98238
98773
451430
109772
57614
542739
844606
3221
249761
465237
34900
22325
133631
801251
292078
363830
972651
715770
148372
985022
80166
273711
366307
689771
178870
118341
817780
529167
722884
391959
248927
993486
49385
60957
568379
715968
466869
132532
724151
602437
772867
14498
44543
665803
910596
572349
61329
707248
732253
461818
130598
565169
960981
903848
228571
584335
508063
102719
522925
26418
532466
152540
739504
82425
381804
305563
444807
75223
72759
631342
708352
181222
747903
811019
926271
479362
407905
404817
323063
872504
460916
229070
512756
328951
826494
437794
446058
925480
726675
566282
21850
376205
566913
272310
310871
163910
392656
737099
496904
396211
474294
279470
214397
916761
403675
797332
804650
447793
970884
666055
836645
987871
346803
115458
945399
936865
257429
509269
66332
513639
212213
326402
373607
285113
874341
431267
250175
388499
533804
689957
766985
126736
135888
376920
921732
461587
148319
434346
76676
406469
59510
810785
812345
661855
378814
210226
689318
185476
518835
466819
358539
267816
170519
281556
260255
569707
560764
615468
116604
772458
867072
854834
786977
504750
441054
12071
863389
810360
253984
509518
750099
29978
994010
234423
759395
786930
964433
447678
769554
536311
255728
353304
66875
587297
941285
225661
970226
346291
561559
823031
847427
612279
261662
289264
396505
133381
91859
271976
719275
249147
627499
488190
34125
187834
42968
730828
335440
690306
903355
969628
691338
708453
115478
781920
446411
179911
887445
797342
526013
984933
858710
180821
960375
286318
408342
604262
642106
481111
605394
654422
549528
796288
776722
837253
397446
354727
844448
827636
472406
32886
14605
556528
943830
216642
706287
630283
863178
579105
668691
43687
100156
210108
185624
896465
382897
40063
915966
895103
2731
137396
120056
941216
372396
272828
279358
898237
138944
22784
109982
136402
943555
827157
257942
20337
877822
680182
430883
147707
585364
693341
838141
589360
905767
938606
640178
746804
558766
1207
21933
136544
56559
329505
781501
314140
370882
621840
862965
623610
402163
516939
292372
835565
227111
63311
904579
548763
226688
328158
189321
183886
482096
900660
18887
303146
429492
874648
920042
818708
741613
978612
92743
950368
103155
8306
103036
73559
250893
803206
221584
15234
990815
246216
963914
703652
647902
951724
119362
691827
498085
124443
181198
955559
691821
572785
624008
577083
206615
254459
473939
268545
90786
832179
883420
144062
422023
71437
966383
221649
578728
393428
970349
100675
917082
850208
310835
641253
386192
114843
678628
640623
203943
588878
446616
890938
542234
66962
347117
746807
383957
567072
580180
684411
15347
344292
124874
95417
591559
390899
563260
