2274.661
4548.979
3977.816
2867.494
2048.099
4006.77
4453.881
423.501
870.625
4645.111
89.466
260.544
3031.842
3747.551
1292.812
1638.829
1559.279
3331.791
4565.731
2767.566
553.051
507.567
3697.691
4145.487
3618.357
1849.298
4900.399
250.719
2054.338
3530.802
2785.862
2853.382
1230.927
1307.058
1686.521
110.088
4668.975
1573.278
3671.871
2650.783
3487.614
4835.022
2340.136
2931.26
481.128
4088.772
4486.071
1290.442
3824.924
4132.391
358.344
1839.224
1335.48
656.185
4916.647
3148.311
3132.53
3476.786
840.267
2200.384
3014.456
4270.298
202.134
377.365
3745.893
4484.888
3330.067
3762.22
4159.269
9.272
181.426
3793.174
816.332
3336.044
3835.124
4998.04
4026.711
1948.553
505.2
2693.103
2700.502
4325.673
1455.473
3008.543
4678.158
2260.892
4535.012
3340.165
4698.709
1535.818
2521.836
4109.503
4409.384
835.681
806.994
1023.568
3859.831
2497.341
3315.565
2075.188
