4471.391
2447.893
1375.053
2382.566
4132.786
758.732
2948.233
2360.912
3549.796
4136.22
3078.141
2448.71
96.428
4878.057
886.062
2364.552
3805.012
4986.332
3005.952
389.199
1402.157
1538.817
3362.266
4801.99
1729.642
1050.209
2801.634
614.939
29.399
3161.971
2428.363
343.334
320.001
4022.747
3715.453
212.105
4976.096
3168.558
3106.162
136.72
2816.353
1062.827
3646.717
2813.049
3760.197
4407.257
4052.574
586.775
3872.689
2386.363
4558.796
3795.289
3447.352
3596.509
1966.129
3466.838
1459.343
947.021
245.389
379.639
981.904
708.483
3581.287
3149.219
582.928
873.928
1302.809
3379.755
3714.062
4818.792
2494.569
176.562
3231.217
2299.397
3448.636
460.513
1135.149
761.333
4944.354
2852.537
3142.331
2851.467
931.363
3299.453
240.552
4754.934
3454.1
4246.307
4135.097
1293.781
995.247
3730.403
2227.006
1694.767
1726.741
2387.739
683.644
3139.561
4962.01
267.018
