1379.131
767.666
1017.105
2376.573
2010.652
1353.255
1909.116
2081.787
3260.175
1400.053
4600.945
4640.376
2150.477
2313.231
529.493
553.778
4628.356
4267.907
1397.782
2383.002
2558.66
4527.664
2011.312
2510.233
3619.618
4217.557
3998.351
1466.363
4610.607
4111.624
2304.628
1255.064
1872.793
706.088
223.842
807.482
1966.931
3287.884
2846.142
369.579
939.136
1582.41
68.939
1971.106
2349.501
515.427
2579.168
3380.544
3140.251
561.833
1215.368
665.792
2255.571
937.897
1867.686
2994.565
2899.148
633.645
1880.482
4612.14
656.623
3519.061
1881.518
4904.144
3657.018
3532.582
2756.105
2473.348
2718.97
4873.811
1155.383
3444.524
208.849
3341.945
4336.286
211.809
4911.723
4548.364
698.921
1943.538
1395.719
3687.664
1494.918
4739.977
2360.796
4472.842
1558.018
3184.815
2263.76
4125.637
834.142
956.307
246.537
3733.012
859.84
2274.425
4617.51
1229.792
3309.621
4451.196
