2000.363
4996.829
4547.55
4806.461
1158.317
2238.222
2886.939
4197.952
1482.216
1371.927
4425.6
4195.568
3771.064
3201.372
4854.318
1603.674
2872.661
416.556
4873.539
4951.135
4011.621
2123.058
329.9
4681.455
4460.205
3303.1
1578.123
1968.515
2542.672
28.419
633.181
906.592
27.364
3665.315
2382.36
3741.762
3677.128
2887.244
2275.886
195.969
4750.101
4709.893
3810.314
40.004
3828.293
2405.407
4117.996
2331.201
8.002
3990.137
303.397
812.252
4728.039
892.086
4055.215
3412.957
3422.061
3310.423
889.617
4842.321
4526.877
246.032
2617.196
4582.464
4522.953
2102.734
1584.56
128.763
2214.118
4243.128
3086.508
4296.871
1619.084
1127.571
4869.411
286.551
3684.853
2996.059
921.378
3659.202
4955.099
457.288
2419.821
2321.087
3084.508
4386.325
1823.45
2919.656
42.088
1712.309
3801.962
384.62
779.482
2538.413
470.84
1703.6
3818.348
3975.575
4102.871
3338.643
