278656
819100
948347
92549
819452
717295
280468
238228
413517
908791
31504
326001
213038
933928
974734
310866
644489
766369
36768
28221
357445
451499
106828
250664
9718
463003
791595
107914
621424
587544
889062
465740
367477
197822
585662
13787
994769
993249
82931
362282
814162
65781
779867
316380
113553
111827
861391
218056
256856
219355
282113
734056
138202
770098
272010
803052
825414
508808
899880
305123
192349
551991
879638
535995
791861
288947
41727
368658
840273
599401
894713
120576
397812
549850
881397
73399
580869
142910
865065
710485
238663
315461
982885
569272
126598
141382
644492
930910
311129
383430
45368
319295
128900
632695
319275
152240
832999
637936
696169
318749
425227
152947
556830
310038
779348
776654
468325
577296
442398
608304
101972
938188
800955
901155
819814
21367
942951
545366
257099
861098
808175
297215
181120
556125
438669
573165
86613
459365
287969
238855
709421
291178
960727
794692
249805
294818
407895
799609
184021
914476
131632
210820
595711
820637
377790
447502
908219
498262
587159
787122
1261
410789
673463
852298
952208
42553
509132
10499
770413
871147
35495
733628
73680
444550
170635
303062
705382
389326
219948
724894
309133
554176
633255
63583
240510
157904
286626
217316
47574
131192
296666
850077
495163
597221
350061
988335
411228
499528
133828
867768
758306
638903
699303
598479
161449
153081
795129
553031
756939
624067
66600
44919
776599
294976
283903
872383
17953
260514
573035
867983
225739
259641
469122
827127
267953
292880
495785
497574
577456
874359
638995
537683
106604
516268
370906
255778
919101
171016
883716
230180
214960
959771
731944
553273
902838
679974
533829
64913
121685
162657
240855
599470
771854
91896
930017
536127
182444
767298
631656
778428
546436
754342
863413
871426
467216
412499
438979
262845
11325
546744
729012
205528
195185
185801
872004
325680
976116
119511
904636
500252
890229
876085
174340
122903
748179
668041
17472
898495
134252
244168
326127
455093
499063
194464
986144
319509
141968
965926
148592
218735
691595
208492
140545
468217
669231
152180
312249
36982
310334
973957
445930
465152
301103
645986
196706
315660
337062
541637
481453
986634
873617
592642
989164
711856
775636
29822
563734
222844
109436
250683
318911
76920
542275
541943
655260
302170
4294
993627
17493
928860
618158
441629
449692
871823
132087
86465
63202
612218
137602
784938
539890
486277
117734
730761
501744
236147
534611
887136
866844
350258
913112
639997
521535
616428
136154
65757
857733
424004
799405
584201
967432
736398
128031
494337
479106
111698
271213
667790
346711
224702
267543
765093
270403
810416
938006
831824
825098
494879
863419
495509
199501
358291
556548
485663
441123
425297
614982
954796
385700
452835
660335
693928
961604
332585
713108
563622
499402
660053
67236
210581
110731
854962
136877
822971
349117
844232
562806
909509
856905
428968
938692
255539
31537
741060
112076
837163
200455
3728
311854
123398
761489
409937
661726
899966
977288
691276
613593
274346
13235
787186
826930
395851
450616
890234
690904
163631
408401
662444
202787
578691
240425
389667
259722
180659
304059
233143
46217
122373
599323
210811
621383
331778
887393
635925
921643
119302
66407
369493
465506
427450
530083
251226
302811
265603
869642
145714
684646
462168
398900
