536474
586840
932104
265270
728109
61399
282777
338850
148300
703872
528736
372
933556
779227
589126
510009
673405
82428
502560
864576
792968
803540
493931
206033
671840
147874
504829
742037
281385
549273
829114
315929
48422
955227
999888
507623
642812
838112
959094
576165
923679
446590
601037
774629
641979
199369
433517
227657
497175
691755
965192
655940
227503
162708
10849
209922
53258
408132
929266
405058
472063
303567
442931
66595
144242
600677
89793
103839
242071
858344
352952
751142
825803
774471
548276
846526
706438
965461
620519
606538
592176
510058
606542
251362
964571
516880
504441
992472
113138
148015
162052
365553
668354
847816
621736
160287
967726
956033
971953
158456
398815
185780
846121
319233
893922
272654
960750
591270
318843
518596
953051
742026
900439
738961
313057
883184
572840
554598
596276
464411
495429
35985
350603
105584
662437
444565
60583
148725
24158
41883
982743
978068
35165
230938
960016
271893
549940
451794
247188
608788
293930
286920
329839
587648
732078
615960
467682
404952
321353
245237
996140
192276
161587
339997
279567
591063
110995
381764
430657
64420
379217
196875
859376
239254
868690
765622
392628
646756
467766
400788
333236
682155
880556
623080
999054
491792
655814
693737
437307
962491
236983
831210
319091
221429
156588
347221
831502
455606
965653
905672
479380
97077
495719
442938
932442
985507
803344
204559
227106
616673
890569
762743
187422
999380
43012
341284
233315
388648
824061
677768
676640
811838
255251
379378
526446
610192
966510
554399
908032
215518
718566
809787
458991
205975
788283
994872
525943
457076
100882
963943
83307
442407
723777
84990
892207
130756
570846
547621
999754
147218
818529
779887
540430
418269
459109
464954
369095
651492
845142
168361
819368
591467
237600
915971
786186
368476
211787
904793
391642
915655
666167
707786
232999
402494
794614
648497
901931
538230
186872
935578
873200
466759
580193
467153
300362
800794
294624
940989
582464
34329
145163
588040
515442
373256
865897
239413
634148
422936
591597
308611
680928
747295
602720
939203
193058
362289
183220
835131
705264
630667
941956
843011
539378
189558
428781
832722
457789
368600
344012
312543
271680
811525
761818
443887
487725
656777
639619
827570
641112
709849
19096
77148
377303
165332
424963
330763
61357
779295
327337
395646
268742
620605
351637
874296
811698
11746
8204
477822
32586
630580
722991
557011
412912
199163
382966
355542
814203
680445
925962
216219
599198
289069
962576
822727
967183
611895
490009
869153
278253
861556
54705
672751
607074
441127
114514
569991
217902
958197
37232
101096
640127
72071
723863
937362
963802
227417
59674
432015
688292
424454
326724
579059
441039
394859
298967
492237
483044
346873
607440
414594
229010
387908
569176
389237
193250
597903
506931
495042
528259
160292
67160
128247
776761
927027
256183
151253
489318
629489
662244
725615
444975
77884
546458
83443
687737
790911
813332
614904
462436
685993
804033
969604
353218
521587
63871
769347
800140
613808
718873
157501
398138
80563
850552
842070
971044
623127
473921
176619
254189
168748
770637
858179
799820
173593
726549
304343
724762
264095
779673
154604
149103
627352
850920
413025
88713
337134
38479
273387
783879
528372
126274
695166
879615
728909
354118
542280
430037
157951
132594
826000
440891
391312
412221
574005
454326
31646
418475
849711
666785
539706
122775
533369
850843
442118
433627
699788
210270
199052
227681
218172
165489
720496
24349
483977
838980
529911
584652
25616
690549
904720
894877
339283
320571
789880
745958
209578
158527
976584
507094
872596
731014
331828
45125
71254
800151
398339
487724
357444
938868
762833
135176
770409
505600
933531
386514
225784
152750
803400
8916
230569
826221
171929
218189
816556
469720
908177
730820
718500
503063
235161
255825
820029
624474
125105
820213
706624
693080
615115
459779
33217
733513
572218
227679
460824
660394
711030
728182
520107
620622
966695
329811
494106
814035
539688
928228
990485
171535
283320
272795
959703
779198
255589
998389
952790
118502
643199
519452
587400
338243
336938
189471
939178
923268
204279
738698
150136
304070
408221
331120
300083
668333
86507
813558
415902
895116
151032
629010
645685
439754
587231
440696
340141
725563
286893
724865
717978
888845
705392
907402
309034
260163
14095
777730
486080
162351
990289
921885
370718
806559
475873
664543
156153
236435
867591
810811
83579
647122
887459
665781
617148
163580
473971
501444
412338
996083
551785
397882
582422
803433
162197
345103
429238
909210
643800
73254
449137
587400
883602
203900
499380
572652
424988
343494
646740
149861
230799
718197
948148
206019
856703
765004
431767
427011
277154
739243
705068
495458
434622
191998
89380
181449
919882
973605
697598
384168
228095
201002
390769
796871
926756
187410
903760
110341
574484
254574
243221
252609
332362
740790
350175
414706
925293
428374
29685
705914
229047
709637
756499
234849
793905
10781
129315
526755
940537
61283
33345
78031
383372
908685
808634
995591
464714
638716
850137
574975
235297
230830
464937
235344
330597
370204
6472
937950
579331
813532
656151
319407
225780
83820
541230
766508
310483
942414
750613
644998
142756
987376
822060
6764
923392
189777
523511
730905
433881
883358
686762
597899
151196
375249
235254
387884
411145
1496
681260
726403
903647
624995
593465
267785
148496
539212
391289
312826
69493
89009
676847
282253
742061
144113
417392
411791
262456
719724
601196
248156
354062
255425
748063
714764
5832
379353
231212
688512
914414
560942
907996
591571
495100
659356
572842
179427
794324
555831
122020
384925
10488
971813
437597
996586
972725
548915
341526
449869
568051
45402
350784
69927
786661
874071
544101
323723
148777
964784
420249
381322
344415
351673
783152
335616
764695
848242
334843
210746
73928
634821
500968
381334
727078
504619
709271
810372
68586
622552
681897
410273
363691
741533
541949
479412
911490
821387
604770
741841
512935
562474
331277
811239
965142
519672
496833
220133
652414
830453
607471
605546
560545
140825
409950
743309
38899
722557
682686
117733
136341
328706
471143
264434
165105
772519
606552
982095
393350
729071
378291
47985
728347
306428
970163
332799
579149
749171
880635
292699
783129
345448
373200
365612
851898
970252
113093
687073
577099
967244
53699
335456
115826
466223
632077
814283
349779
239684
973724
372838
444667
701776
701388
330028
481586
616045
561498
743197
618655
439191
424668
644512
605257
291507
446937
510658
103648
162357
764527
7985
19505
460674
146343
204660
940461
529297
506887
589465
701767
713761
657753
957533
218164
57243
455579
627861
199642
223423
834259
305073
227211
569520
305612
130620
599342
377816
183927
851600
26827
923698
401582
890002
378828
488897
621887
653503
597310
401070
83037
759469
29650
49544
543838
782272
113544
90335
308712
776409
111797
175522
221067
498424
494084
876554
97354
692052
731505
377386
350256
208
381621
468816
163901
381473
586953
496010
110344
272599
25535
505002
819716
427002
666684
569520
655162
660197
903063
123189
302232
67162
400039
224856
61999
696401
932092
562790
697886
767300
905739
360956
588424
308893
196241
515210
566483
719405
680209
436673
641209
37247
271575
193845
279010
77868
400431
213942
946976
755725
34452
703973
136804
723023
268680
648775
82554
176018
437235
179472
201502
363576
263384
227092
603475
778555
397554
458942
414313
281875
786897
968704
791537
647804
153143
336103
291408
911131
401560
685069
183415
978026
301127
264211
576251
979308
414453
717560
992899
809651
832959
948024
396427
278471
50598
182701
461044
683869
912992
566768
869166
32977
602767
602849
817132
432681
87856
757633
990876
20403
556518
6796
261423
781770
692461
222386
460682
359414
960989
53650
296763
880169
157089
127638
874199
757958
117878
161803
557884
670362
67867
749998
92886
50722
903526
449027
787850
943661
922306
569193
997351
266673
889113
449749
437754
254186
504739
407841
124349
762614
420212
437268
478050
95299
474587
469000
778125
298851
587811
676668
12058
411106
296702
786378
270531
595209
840827
301308
457863
395218
563414
306983
575703
753826
351446
594816
290984
632728
32558
519925
53843
549257
133487
755077
782138
268348
182518
203863
685515
278648
515844
746535
705752
228135
436049
861381
752029
778479
284979
113221
887640
111621
172463
395766
142236
34172
87908
280218
112377
648410
124920
158735
690494
452648
867718
545940
922688
499495
429095
937479
551136
973035
616901
118366
370330
90637
740330
684065
54917
359646
152315
741406
252056
903886
666606
379525
685627
312958
440772
896874
489327
27492
153879
420662
233250
569489
755780
979593
70606
807836
848493
178130
240543
370189
584713
123506
998827
148776
230171
767909
418746
389464
702041
923618
9409
349279
460610
629595
871075
741889
136133
357834
231084
307958
126140
691559
269473
406496
903833
487517
502122
891255
755105
895130
510913
858942
11402
236639
618566
682378
366708
368157
40800
305859
696385
361984
562598
84443
598581
930958
173646
868965
672498
859612
44244
346672
699103
16407
162748
989486
446372
489349
816075
986193
88233
298584
675419
54684
220836
872165
54495
491103
903423
618734
87101
352349
447827
725154
725037
480091
859733
739220
114275
917029
715763
943198
771209
814882
395080
144281
100137
518999
768088
864263
878127
632511
469389
174802
359391
153156
908041
952416
800299
977585
958601
303551
582273
246493
733061
847417
647049
830479
357926
397182
269838
336021
400485
487914
253037
541352
796176
449144
95857
335541
222887
613574
816267
863950
701010
143829
273694
306046
999236
786564
430389
532184
487607
407112
167929
655527
349411
904555
399358
223370
842099
816340
75881
609544
775123
466460
891345
56968
165310
256272
356140
34587
6835
414656
29993
684407
900766
738780
187550
2571
103598
908222
726870
159209
392352
375940
878249
274461
119186
468456
956488
102592
543240
702661
342337
725675
811571
353932
909993
916986
244571
356004
42186
976190
759401
325412
110579
3395
425695
943862
194822
960158
385598
106745
459403
641425
868592
313768
935691
128783
661415
237035
171477
173327
790901
527750
431337
795244
256407
221282
281672
951409
305648
508156
210766
959264
200054
604798
46473
359746
891368
850622
512595
481899
778468
814127
44642
779210
472032
206412
280050
948631
366229
16714
647342
249481
992341
361475
71197
73678
662039
100659
876532
65451
621288
36750
246919
994478
299745
200255
112149
136783
597868
445397
737514
665640
126395
164204
50987
872731
503592
426352
429582
449325
632875
290921
240832
85080
443426
333406
218651
102745
598015
229256
773486
648858
267873
693799
431435
326843
366252
399003
497697
227205
498106
857316
506684
39644
28021
876846
29534
329196
8367
933264
797123
549844
529940
551553
890698
915010
410721
103611
598991
509061
892000
494583
210455
672772
547891
345340
810373
283759
737283
348019
64886
619611
161560
135807
697269
706129
448575
590551
727472
790574
858871
723154
309723
981827
88113
967622
623323
587920
264043
371782
956506
56693
715900
469217
447060
669847
926653
806559
778174
718016
651714
631345
37153
214584
520426
722054
207600
463951
823638
148912
773404
676094
386935
589281
636141
115207
719988
542589
1968
992835
862183
751056
490102
142521
427668
137781
810859
181256
907393
467984
244263
614570
38909
639483
687703
339446
738488
238798
196734
71918
762688
504960
462444
384957
119811
280834
119739
882361
228661
412166
568078
992402
363581
200391
246306
360169
74757
781095
158242
533607
458832
725801
903127
207420
330024
236177
990567
682132
334795
34002
383370
981091
242485
650579
413659
485557
426191
437951
590583
200267
437158
642787
737967
194024
448075
502283
989637
999698
393603
651264
376315
1445
505381
51997
385653
106454
688405
275364
952389
292668
728933
66717
489579
874301
716993
285312
608050
147800
58481
65587
639749
78028
818915
112142
237619
580613
344495
520800
169089
649455
813765
192489
748051
611041
998730
113757
608856
463601
66154
885414
91300
834876
940460
581947
223485
931930
48489
562804
21482
346637
678367
219970
948228
948427
388944
958238
740777
658366
574679
580229
173831
651522
626451
736188
716143
944130
652623
27384
553736
632649
345036
532313
423709
171919
202909
865190
225926
682711
540645
22451
618896
303866
509289
338390
169976
400280
515272
123558
954112
304473
782677
635705
420588
580887
693142
249315
466811
502937
198885
467113
187698
718719
538138
656904
941752
546017
464735
351209
6895
503570
122490
846423
363391
573559
396338
206125
420775
378734
722423
479270
206614
850831
909172
686434
805637
777226
268937
323837
851767
967357
146720
817562
690229
471001
780606
403836
678842
726374
256809
490609
15490
17024
953890
122835
677682
294331
229592
81187
15468
605951
342712
415562
888679
569416
572814
95259
848154
678821
227782
592138
82656
926451
372820
2780
647683
419056
439905
29155
648879
592231
211615
309828
981382
674392
219064
916263
631047
389779
954581
372572
317693
411513
738450
788195
407180
682331
411324
553443
815885
158659
253992
798381
377821
761080
572691
429479
315643
393858
716583
720202
507463
591882
558159
128292
39132
373393
776475
840324
328251
235225
549806
852323
8715
822850
735855
478739
186978
813624
364632
141890
94198
494849
469303
687497
263085
880346
130386
869306
89786
956391
967354
757741
30024
127913
318129
159154
982462
982725
880098
826801
201447
744081
384498
180954
218385
617730
270396
463473
214272
846024
178782
603032
37437
525688
601033
435731
194761
104669
738570
78497
264978
60408
783233
505331
51955
422213
487287
209052
608215
790874
880696
622916
857356
70464
169055
998847
260978
679200
659656
203840
650896
698610
216744
775620
137860
575323
269905
146851
745055
895321
884050
583785
956022
79383
969370
944390
181552
565765
414292
871091
920413
171476
649609
591504
758001
128277
846144
696398
34382
119072
882838
176321
8333
670883
997569
939227
171967
537380
703282
694042
947550
275922
373861
493453
228457
542888
307105
127679
549696
325769
113953
260115
577581
728347
923766
220144
300873
124351
528093
94244
362504
697113
225653
751300
533114
335926
340575
669357
73518
752837
97773
288529
93651
468557
469391
412369
202803
590346
622206
701656
733356
773771
531029
692002
27611
685520
407979
177395
65592
104052
431194
888845
475002
287131
250075
424508
232862
179233
612629
850145
871920
309456
210676
622887
639814
877160
536502
471398
855114
453133
731974
806538
51511
773948
6749
99755
328468
184815
351272
496032
475213
94684
432435
281503
665131
311459
372722
967995
843089
338618
659830
871357
760426
112281
555346
359146
816841
150411
34925
675084
818502
28626
939646
494239
664135
988914
795416
799856
578098
713866
723939
355729
999982
523322
922955
38576
979433
568396
222307
319669
117485
989827
774576
343230
409650
701127
701408
554854
940645
896834
422399
386746
211236
599026
961247
593732
720914
401897
636319
82470
910607
718198
714666
249866
796722
696268
832726
627316
738049
642517
8612
169851
328481
452574
246622
445137
623599
381725
2748
581466
905306
950351
270846
504603
154556
199924
935943
308616
573758
615087
110572
141647
828031
766061
25849
351819
718095
852987
301610
992609
468338
756306
472035
386718
218626
245118
69354
129394
555265
83843
346944
112018
293335
291396
845653
43321
656628
106758
542937
24494
37141
895917
41346
48367
114037
14156
683704
896762
474600
379486
759113
990428
635520
652044
92136
324090
101026
516719
722971
391277
173095
427824
123601
486263
256606
545430
750794
722413
633124
204084
469026
183069
456169
45118
206208
510278
87847
674720
389316
386957
890391
184644
33557
798954
221109
800691
388478
905048
296561
182878
798941
37365
850536
99024
870059
213165
852126
826928
495515
895040
544588
434427
606282
298888
903215
900612
475426
440375
865236
218583
398210
736362
923744
79909
443474
750550
256601
403702
760368
759366
630464
5181
65783
748818
722679
5058
787777
25901
351048
489022
365826
424510
999712
863811
534659
82637
340162
420907
661496
997688
667790
682212
305410
36999
243855
346282
910362
654589
787597
914335
190580
645845
23496
707285
861348
325471
34452
482477
394751
315705
880002
42638
542219
454209
302995
924485
76641
183624
753289
185202
440022
599919
644338
810468
877048
612186
452183
703108
755668
80773
635232
802966
8601
588716
322600
71931
863034
187775
283449
686910
68273
743868
556370
978697
959997
597290
438536
578062
982113
211429
392753
933521
397493
570688
782387
140488
295356
25933
624948
193634
295835
541826
762588
665084
455921
891164
529650
617809
519185
338617
566115
18596
346736
233501
625669
930919
525169
176507
290649
731748
668533
13528
606554
90078
993462
723505
580611
4222
509106
978685
650388
160493
908612
300122
407665
207711
85205
14075
264183
400082
10373
671363
317139
376871
625830
819644
513313
202006
294778
151163
689803
625652
921286
315768
553691
685677
987844
586770
631957
82429
252446
598007
441432
809947
450621
219047
124001
776843
856379
341613
30383
213645
626849
573107
58421
309025
988924
761182
855355
153630
422240
942970
814456
267718
883591
292411
770190
376454
356342
299774
987650
947813
761443
652129
912566
660512
877943
655467
450275
295905
202208
703310
14965
769881
736791
272153
732880
842937
407430
323505
184725
173842
427168
781385
469046
769512
934311
141621
670794
193350
440339
180449
613139
919667
498406
423659
256415
881962
960057
813681
154725
458937
973198
814511
377236
890106
109119
774953
346200
390225
966256
442694
605122
600220
397998
484668
853528
456509
889549
973077
253066
298436
638907
454292
549086
76511
799473
495117
659987
404763
333108
699319
678032
836638
388397
651837
68314
46820
605232
912621
120896
257938
807510
375470
85529
315020
101825
885955
143286
573918
792393
620180
66371
939317
624645
345618
412625
111224
880057
773795
367895
786253
424240
920707
369948
574589
522134
21358
469640
695042
788512
93030
350943
992961
93857
946499
355938
85453
352055
296646
543502
382399
973130
77985
688157
721707
972025
9119
156816
122432
641097
955494
544276
228402
95123
984763
974768
614886
647212
253178
557813
832559
43470
977526
639422
280914
722035
14933
624635
761558
684485
539452
784086
871828
943977
42225
515325
926896
947744
187975
524408
865107
379998
732390
702640
989931
443858
415082
914785
879356
814075
960283
783776
340065
829017
971449
239524
437306
445461
261652
377883
406563
151769
935192
245175
320292
266525
453899
46992
892678
949215
322703
395747
55272
581882
743692
681869
718932
426201
309025
438114
47291
56699
680801
5773
672496
541569
622946
729699
389709
202667
12394
47684
486383
581750
844744
440384
818269
331177
428610
817950
197366
436215
165123
720521
85191
5413
953646
509441
161032
938823
494439
192972
469429
145085
969963
357880
39175
671875
243954
870415
206036
684574
982184
234635
449725
170339
268444
216669
56737
826535
636101
365396
753834
653405
490831
736760
913602
720297
722756
742451
603328
319267
114910
365609
166525
553827
786253
221020
720645
114538
623840
717875
579770
440086
673440
896779
954921
192665
992003
122973
523264
188276
655822
838418
177532
26296
800438
855733
627314
890553
338970
483940
282907
330818
600007
783699
334454
46868
842745
79441
909203
534732
304222
453040
796602
32051
938983
9624
674893
184497
701870
188393
922025
796644
462033
597826
534402
796971
689507
613844
893572
105336
93658
789537
174105
571828
247006
427917
877916
264677
417341
199692
791686
648509
502353
539856
686587
843934
151034
341795
595467
735487
173902
240790
203983
307229
473255
819255
158317
914521
889151
975612
822401
52079
157744
644646
39816
227941
93939
42641
487675
792763
177275
568309
965120
77507
488410
344091
110480
392159
492906
139648
30603
386185
635101
317368
220886
662185
806509
759352
23246
359013
913662
516650
965832
275057
631845
489732
442382
869680
712856
954928
221144
991032
693574
712145
723439
589510
584267
194424
333703
471914
720430
222801
519662
202118
453586
686246
18108
3649
353915
139250
222637
659076
504
97679
607593
851134
102704
529408
272667
711
151274
248841
738490
830725
897134
924892
941149
834439
244786
45293
945643
664278
727886
75938
151706
756991
169570
333817
346671
308476
235405
733674
132297
919451
129188
130200
340788
636742
59421
504525
656383
846386
914118
468766
283334
515435
491296
526840
935047
812631
250986
597879
655765
191117
835104
816954
859082
159902
694327
798624
447370
90687
404598
919194
387955
13863
831739
79628
92508
37978
412803
174362
742030
83464
504636
973395
755856
696511
306029
642101
30910
889053
76591
328332
444918
493497
269609
993689
624425
893245
852122
123504
972186
162602
135732
430313
845402
386773
473920
653134
649950
102703
362133
410181
819588
793208
35152
376757
624671
935172
833406
796124
182688
451531
158341
619422
180268
98802
122074
232627
901412
866115
646053
636751
725731
616817
583316
615201
196688
784564
82812
269941
419825
21748
385668
268337
561100
316940
450269
243475
264354
672376
525766
765421
683127
481342
242552
903824
981199
403343
908914
37755
495127
500555
856235
558413
601748
320849
253967
705037
745066
56885
782725
158636
616729
904172
458560
655606
750027
118369
419812
935301
358625
162932
864314
345835
966065
909043
771253
52634
440275
639459
219417
632642
577207
967715
838239
415652
269752
450357
29553
808371
853637
297559
838647
819929
221648
484317
825654
866220
873609
425274
685455
409728
460197
537955
116980
271204
984683
114110
7387
663264
475162
231341
649844
388937
47422
406291
517828
475988
749064
115032
349924
795706
243887
591343
291682
503057
114846
327555
126384
639112
90608
334673
898955
574061
9948
385703
589674
75420
394547
906721
856565
49488
832818
518381
854660
474851
875694
355217
59939
463247
262423
932573
742038
373841
809412
560833
405495
450652
536997
890140
105326
170784
773281
255467
861229
697539
372213
399646
551639
531708
895317
506411
137463
729812
470564
914944
823511
885355
325640
9619
283373
854193
503147
644688
739612
351191
130000
30477
476564
354050
124907
515190
546517
526427
232613
771162
789784
303822
255852
757583
506460
497655
986277
463352
810470
513069
209655
742892
346982
918306
621028
303396
321731
59489
858809
121190
564668
570153
491959
240074
498132
417583
76561
30602
250352
664157
847032
909044
569175
258720
396379
618857
175434
987896
695064
99019
212047
871164
380831
758882
209081
628801
921918
319779
418742
364842
751962
59902
798008
670016
412177
163743
571580
59435
987317
663598
158108
2839
158042
48950
646263
401236
462204
746617
164754
809272
622578
610454
819125
562142
654761
910940
999433
778737
225648
592056
437800
275468
877220
909256
248575
633083
387904
640156
782482
502921
285586
284978
369953
73987
884912
716638
378902
94474
793821
911623
783877
580283
334280
130555
142757
568443
919403
470418
582243
558460
260098
244443
615551
287428
150726
131731
73532
511821
803207
691374
115054
482617
978113
788096
565738
159046
852843
273722
60820
49531
979320
302443
69754
31505
329247
503371
413743
280609
52566
379168
572473
544315
212742
126528
10794
814794
658072
145223
725069
896777
435590
781301
397566
603404
564267
405374
612612
315886
835259
715618
933011
875192
217090
19051
228743
917393
705751
760130
262115
287527
939161
856329
93126
981800
484266
77999
453113
271976
726888
687608
517052
510993
484716
893702
996948
261848
766000
881004
377691
738718
602734
235417
404130
635162
255628
205420
12907
246472
342
742541
244003
820216
244589
276507
842513
517186
442813
426532
975562
368165
712671
927442
524357
300396
487084
577872
748856
323143
446562
767667
525786
945043
291005
949914
947085
570869
595460
55822
707199
450487
689847
581317
597264
333605
909160
987839
854179
182679
830683
351931
809792
497797
355107
979334
933780
934158
884314
476516
595287
381388
405278
558687
475643
311312
958202
512995
370192
84884
115775
611740
684333
860951
364312
398789
539463
763825
927798
169621
912508
732035
573557
412044
367197
372291
222526
834233
483267
976800
892819
490632
40826
602632
192002
606665
225790
979331
911022
232597
368574
682068
603676
900109
44735
850422
158336
692264
429694
180576
885781
909296
426029
286710
851771
565516
623740
460717
380651
159745
685131
371391
74903
511664
763681
413856
683517
400561
593820
362998
287317
982979
92075
868275
406815
16054
683045
54716
261000
510098
272685
574888
561476
645209
778078
510487
107550
815592
333720
448726
691141
988381
174198
490079
262995
498110
741764
898470
367857
487382
358940
138132
309847
467130
79930
97983
801012
220128
254754
432909
223784
886505
151666
323451
694360
720314
282487
423041
392387
88209
303951
939744
373754
183345
536796
204327
523945
261192
38389
56254
637694
582959
707295
750339
568797
43514
137174
217419
620634
894239
592944
542847
80929
479721
92450
23446
109054
832221
838318
114639
433246
214116
661864
302547
973312
715823
351459
670743
252672
279649
581391
309371
716919
98494
213639
411127
627271
294702
533999
839596
126439
281227
310035
126716
762020
923121
192052
837416
336830
335110
789985
223568
114309
951521
272870
671131
390777
864149
480708
193793
210924
285037
905925
747439
193568
273539
440653
942821
434288
175087
182664
311117
968029
601026
250365
264926
675658
804781
130728
459871
625028
238518
179171
977932
281404
419851
770521
471971
519838
182894
770348
235927
965097
517195
663091
997736
655668
476872
785756
300810
301347
704057
32032
888412
43834
639083
391715
869614
595846
641597
279373
815878
187711
915615
891982
637443
750741
469263
598320
268692
46589
481880
763877
435752
175033
387484
183290
586753
218478
181643
836323
284060
144386
482581
374373
215197
413708
685894
953058
913722
21401
749708
657492
801508
474612
531810
170586
686472
84832
63713
579382
784893
800160
699213
255465
900989
970676
290292
755684
467369
619646
520213
669346
562321
961978
372593
549850
965428
415348
69828
616253
507328
475111
577047
285665
654723
832415
920956
167214
171033
183333
645539
988146
453954
570849
592940
956962
503999
503939
506672
642220
906227
505140
597850
277271
868377
677544
257225
85123
741122
448241
545953
754536
459017
342417
422692
181266
353101
560986
591673
752822
859607
268143
602517
357688
530255
115686
260871
480885
199845
599768
917357
372650
524229
584323
763987
373761
852268
9688
28169
22112
432427
386158
381197
822037
863200
743510
884632
634828
935789
760377
438446
679521
262257
804309
166290
553902
569137
276601
526549
838705
311313
78819
460136
888660
379502
271430
106514
148892
177406
689864
190065
363820
17611
17930
499711
774104
947639
512246
36691
69878
895865
23456
588664
119354
360269
562668
128897
515434
525114
965334
111252
899617
931207
625574
560067
820141
451154
317284
201061
397213
369923
510040
154628
152894
981706
634762
818855
33265
704934
60174
979601
985840
947289
764750
193002
774456
39116
318732
261126
791399
613825
869346
996463
785660
588819
810084
687003
547438
431151
986119
466188
544112
480771
539898
855129
33775
48281
500386
385960
619224
571706
20199
671697
611172
702605
53032
437770
448450
400847
988462
844847
146573
964000
197024
959498
355073
820287
685050
15092
826327
41872
345415
998845
484306
978295
194044
181523
532562
670878
640214
430970
822566
894293
47549
903602
49768
586619
765361
600617
780961
754490
835143
657755
728101
778982
583476
952264
268832
597894
682890
591855
611396
627040
903566
833086
681104
2261
669538
487609
415220
84545
972913
853851
445046
621307
463679
300192
75666
189285
864882
336346
401408
729850
80250
429575
102783
985015
432887
834819
963395
128250
483065
623706
580712
882407
58587
721382
595702
32013
268632
51314
280528
926597
147480
146841
963210
50603
590334
490733
943962
809738
228091
271019
189854
647544
465634
329930
461275
135524
57959
429294
623064
91757
16864
736133
881914
674487
906472
633464
683171
760182
199156
119948
752652
867591
633950
972394
576937
970024
519873
187828
732285
472799
86328
334440
12896
900900
201334
913043
188083
190389
364734
929021
248721
338458
245505
496364
47120
639043
843388
440205
316239
131584
91719
340032
812400
823402
559855
217860
660567
308292
81236
148666
424575
442680
865408
116688
135861
669245
808583
650969
665181
676212
158180
731363
765526
280945
867553
720409
583420
871013
272465
693300
656686
870411
311675
941445
770397
147987
10226
986598
656412
122517
443595
25214
968563
91687
575395
921401
456989
125678
744144
525697
453268
147245
554853
138968
23332
929274
929971
633187
919671
980836
574734
883282
729396
931027
264530
997069
954292
196324
730239
17698
42087
929799
80504
11388
361827
826897
699235
951193
237488
747147
627000
308151
852695
677463
227841
60916
103812
425754
483370
198524
312485
778557
638900
746079
658598
89202
984258
735008
799286
528248
394241
302199
824164
514751
801435
257843
623071
512602
969605
960555
37431
871396
825710
47775
722444
954076
617476
72992
769943
731574
241575
698587
134734
246118
818380
506478
590653
897356
375985
164756
287616
402026
256655
157196
923082
490572
319353
718903
542030
197267
541481
718519
151748
736283
323089
417550
234921
593220
360450
774535
330808
734670
161211
111691
221871
143825
230976
31917
323329
529442
56890
530505
54894
315473
173757
881149
857509
567741
331276
409980
334595
841689
999642
455416
290718
284490
667878
528477
327361
875002
96686
848597
593673
261408
719199
940750
265624
935416
837874
484975
203037
518611
877277
309858
698700
719616
129073
350698
829656
651002
287670
84044
410353
383098
698642
100110
499422
637702
463534
733465
9786
81049
244577
488783
907722
633790
443033
97845
683981
285143
738976
101290
214841
660161
916491
790985
360640
200809
106984
25381
442710
530338
722918
254184
599512
497855
189108
231014
547884
858890
919212
70369
264870
422073
918509
774810
15969
466358
359558
677512
369650
522980
921936
326185
422875
537162
642609
604885
459619
933765
81120
873698
913525
799740
823727
940682
233267
635408
354073
695427
766866
818151
5725
648834
768095
836486
757733
944757
9349
78275
688896
997987
589684
409185
478362
572390
714844
218505
337272
341493
624499
877695
754469
155205
642467
575642
79545
774488
22680
720752
216544
478630
582765
866635
641739
670180
994051
196023
949827
673386
486275
865449
120731
357912
851244
948112
561834
267223
488448
997503
480210
996400
457507
312821
732985
265511
491441
844285
602288
182868
395280
100055
412820
797076
992498
525715
132595
256746
829634
491895
506011
123628
322774
140419
579838
926343
299654
701600
436147
595536
107231
401851
364505
137667
920186
445248
854921
685573
469712
490293
588882
219063
908156
985693
885773
104817
872874
404293
429902
377857
922766
196986
507301
439498
765049
257419
975715
279748
268951
890173
884673
940102
568981
291329
466098
499889
951840
197129
426643
632022
720899
572206
678460
73849
1157
414001
110388
662890
591484
143384
911408
301582
68023
143185
551201
652784
437224
826627
829174
223592
426036
670746
543809
393885
670804
707767
65058
473070
697369
704721
262291
971200
389113
328378
758365
740285
307119
121615
895820
738211
961919
675572
861743
840932
100246
126801
691627
672709
149047
846930
45307
288888
799728
831419
360444
36840
517303
740105
643378
489648
235033
673648
77422
264952
18383
33832
566358
64418
914519
587478
835684
167475
322693
978067
128934
256844
274906
97212
733569
188852
150660
534231
347545
417375
711709
111096
764496
310088
591414
387254
228357
793209
863226
411980
519453
166839
567804
69534
849206
841360
274415
851391
919066
678845
523370
459224
897038
913813
544144
553720
986059
678305
134041
699769
523907
457987
905672
60682
261799
995660
533069
975478
990659
40147
880634
979620
926062
772742
813104
487793
188087
557214
649580
293999
899058
477881
821561
952163
962855
554382
570108
46966
743417
438506
247298
622773
235866
928465
794122
49992
507591
665451
656805
247374
174211
426325
564377
36453
592189
283499
930055
491295
918793
25285
179583
575466
253909
317218
140608
450018
922633
223548
424504
369154
10421
569834
884863
922228
348573
764573
861147
803151
73868
363782
208169
32485
73779
930833
745147
436739
902956
1502
548897
329436
989483
377859
53013
946469
922763
737185
268062
3076
693941
349859
782651
273543
220862
470748
960400
296518
75267
784294
231107
702862
202880
347470
830579
192977
702243
576234
482840
25595
796847
273783
778143
881521
315943
627099
893895
328758
949469
452644
750692
941315
912488
952654
453875
909723
686347
460151
707707
951599
247374
856244
550883
287469
107603
818532
715331
17079
593361
711710
305177
781951
931178
627183
544764
503170
339715
272291
359905
101465
78016
229776
340509
130415
766596
481408
898961
899828
809230
542755
423685
486222
918730
638785
315291
317563
529720
330639
357599
611178
360878
784350
512432
776780
751301
787004
49247
429647
497887
