682463
301166
253590
200072
580529
38134
611554
772912
249514
503618
904828
367042
712947
914052
688376
22908
850287
882376
881521
987636
838649
219211
279785
551500
854400
683411
603803
873522
772585
735365
768537
862095
313825
996248
159752
59796
93078
493911
289244
329749
194350
715480
785766
870932
266993
564447
437262
322102
494604
501192
995386
936168
717313
620570
942970
639958
216342
909983
691932
327225
707730
466098
838091
167296
245393
653648
851390
857120
985539
905200
692352
990924
179725
718597
556808
286694
82778
574278
224982
983607
33497
358291
812435
239430
813175
672044
291090
255855
318442
657699
535142
988456
991900
171593
327458
346735
108088
779309
56934
761421
790696
390003
89644
289138
751867
55186
284118
209593
317102
735007
481154
82468
810897
641472
590931
579781
695628
862594
751323
168601
48546
660566
389845
83272
176355
11544
325097
15568
988498
42981
368605
783257
453321
39670
322350
168777
29377
849961
684105
333226
893516
319315
131264
174163
846954
324050
315884
942646
337997
998445
386125
505156
677996
555288
299032
40924
690776
755208
934903
449272
621954
902824
305210
48683
516141
904098
825103
507109
788330
428295
563763
928172
150923
286522
574447
329437
550830
893099
976663
290166
148724
179368
573190
959272
589313
561812
869994
241382
446514
784754
774274
370878
736470
13237
839480
669474
599428
590154
149243
887252
653700
28740
48766
316113
890787
542752
512566
158791
102096
539134
277957
549497
984184
534536
897853
295085
498208
647761
855912
583483
765810
653782
665564
687350
369116
356277
325265
672897
429285
380540
789973
20060
993492
84275
573894
460825
537123
578986
996620
476916
853512
390809
371179
232564
876434
370717
573665
882051
992557
11947
409772
782449
563366
577512
490777
570075
471681
730200
623561
122820
745717
800112
203461
143457
556159
627586
979624
705738
999736
660124
711498
424807
997600
860132
501864
619758
240677
531436
202362
287710
661619
137381
156931
965599
317604
810965
446539
739045
275380
162555
56954
506188
820748
716307
184204
77237
14959
821338
660166
61306
870569
495061
259677
401725
140153
515043
794326
581309
593490
836016
645300
760897
420033
621919
353908
50614
825158
423058
338635
373261
221506
65524
883565
76899
498043
428248
444799
16212
627671
809546
101661
832114
241109
834062
757484
235119
574297
325049
918511
360523
687295
343123
429416
559742
235299
69292
688613
756039
755507
447994
820275
463703
807498
843503
517347
519235
227288
856631
808968
741411
306776
191203
72386
690291
731087
18367
349282
538856
685611
805286
821057
355079
413313
502163
190605
647394
193871
243151
918688
740789
917300
790912
225752
683075
726884
46446
448864
84962
18186
18545
322329
20448
707360
516790
42508
621971
972330
130222
484934
379589
441165
191447
121022
950001
29100
827903
68674
990212
376552
662483
924593
719092
577816
444437
253276
137655
311137
61235
190529
748735
838236
516476
296245
75991
864182
867608
68324
827952
424351
31694
384310
346366
32545
993307
8735
159772
487288
559412
209155
127193
147360
166953
478884
989810
655168
449681
91233
105900
963377
371380
464579
560976
973464
880199
432893
16996
366637
476059
689023
998351
707585
397810
747167
755984
707974
287624
899718
776871
53273
728070
671746
799269
845983
907544
986520
985358
360678
615062
307523
418549
278055
562974
662585
141462
572071
363550
217217
475855
988526
638232
350396
144619
833415
352137
265673
639545
481175
308146
740138
824171
972670
8422
491871
485410
335229
339191
445341
565312
134604
493950
437712
91939
186446
444363
460258
91130
656315
640025
511457
779328
475131
298584
320246
156035
289009
17805
210146
985845
143854
920134
160711
796475
137468
511500
351275
514041
123964
755187
551684
359790
856459
145690
464271
74258
939045
703950
315754
32493
8649
144869
56903
668455
149997
308367
87909
132099
730130
388362
67669
562029
396098
488468
311821
927344
371956
994261
831865
873875
767210
37723
76263
194662
665255
81012
386281
324144
163846
508676
741893
214027
419514
423997
530366
875713
337958
330132
730125
170750
354589
818881
81005
298772
661466
82688
738587
145383
225916
49815
78328
263064
490070
660866
961690
515703
11688
902882
154940
351110
136070
200411
245009
399173
942340
2688
417423
691196
351516
532127
254195
393565
261306
927127
680464
190190
217214
713376
492316
88709
570368
212990
744459
543100
875015
386480
566935
14988
75008
203307
230091
579631
967015
39838
265740
792900
934292
955701
235728
360442
553582
909478
854611
496537
823162
118744
509080
297500
356259
155800
381345
654883
454672
963412
893117
379903
261982
587177
565171
114629
301612
964830
162222
435435
824894
508139
457599
585692
980527
338591
780646
440584
640840
473694
205246
687486
129527
377749
482120
296060
67110
206543
659874
3886
667751
551243
356698
881947
281713
433031
796072
200382
24153
3149
709891
525540
229107
678208
295557
185240
331581
288417
80318
372678
22641
960591
309228
278091
493489
834946
257779
10049
601534
430716
563258
258588
220413
568222
358136
492870
761168
805711
937283
402307
963030
687294
367652
369645
416657
656633
39609
3345
190156
10800
667978
266183
598276
793833
230854
286471
391034
763711
528344
442106
634927
557874
404309
239399
519757
876308
314329
787958
991454
679794
954049
576362
180138
543953
805081
994078
46460
932071
973405
442031
748201
985741
498804
626788
743624
172282
994917
192753
302963
912365
182716
864683
806946
751427
134390
35014
725804
934369
497084
663888
47168
30155
883191
310575
258125
171642
506769
597654
122202
895307
92571
609141
869489
65536
363673
324463
876874
725889
27007
85228
227904
563075
565989
618313
786989
573756
177073
265747
430068
463739
652861
853054
165339
925325
2262
434146
628608
830206
505708
782778
943732
469279
248083
897142
740399
849089
893
866964
366620
809377
197749
101496
951795
232747
286231
784808
864164
28858
53176
449995
639760
710445
172794
573859
40180
619500
767881
783381
805307
199837
273810
979583
591062
520258
268733
65734
332788
34673
947104
243682
646979
47242
96390
766577
802829
616106
570522
980359
361690
934859
650296
692747
977933
992502
431908
599068
298471
676100
777074
529802
798141
319492
258040
907110
858574
650292
220301
794518
386312
256646
13903
637687
74515
356378
324106
754727
765473
831776
675942
909608
537375
817126
413110
26226
958838
825609
459093
376241
861064
809920
775500
215281
250370
189204
766823
301595
881453
803801
991538
563835
502176
709935
981501
337321
302728
730251
458126
197386
214984
942097
287920
990332
35837
678350
826372
328318
163753
439075
210688
167155
62042
31802
451213
541547
821873
511589
552862
42980
661323
751017
977701
186013
92227
735120
471837
176261
536935
406593
238934
77747
142174
616372
237871
725637
638654
450245
373454
125044
668328
568604
94683
905742
420921
307568
763896
40813
594628
685318
744020
379605
372455
763884
982061
840189
421909
381243
880207
15345
996212
161902
792738
911790
740463
161334
751806
34232
78857
152137
722191
871848
725920
36338
652145
5336
26733
349420
76262
513003
178445
95439
114539
172078
169942
442947
662898
686705
258410
31217
992163
788586
481622
228219
308035
655564
333222
775565
684966
597263
879112
918833
317267
744109
886144
703594
400029
633192
88207
142652
28546
152247
597147
631795
991152
131838
532313
884197
542196
115409
706730
931930
306707
565209
57179
695191
199879
779415
270872
509445
541624
562216
100069
795070
820769
422300
656987
654932
759882
226004
301555
951141
386875
734597
928694
424382
983
190268
775644
287491
695144
213562
430779
288265
936377
953110
113575
447647
251764
811002
207631
982052
912478
956060
452481
587699
523236
751430
602514
235883
995991
853340
388261
131276
939186
25674
915247
963682
70040
42046
274883
811775
53512
130243
551868
694069
633294
439687
251814
583232
384104
153210
371055
355625
728600
899466
620659
835961
198067
404792
631111
220557
929366
968956
122021
710069
969564
246148
177006
245134
569440
69387
645245
407153
384866
276530
693443
195162
12502
427151
559923
111226
578891
457936
658344
270631
645275
897129
564652
464348
405579
736414
508871
256506
547805
445759
690161
579268
845996
964813
183641
345994
201149
603875
120813
487161
753145
406354
344946
809665
484806
431893
744906
526330
879245
222251
237563
502166
122214
280798
313730
64076
600045
802261
326084
123182
583254
113044
820610
920612
911203
475796
196687
724444
285871
106112
174034
589654
741133
69125
770959
449396
542573
742466
244937
422317
805432
205915
916911
275605
937626
754312
475054
120608
633587
76087
51703
376931
154930
806971
176271
482172
276082
439430
342469
6339
448463
978779
695476
607510
795368
161994
734189
331874
236017
857056
438912
321220
108618
44956
776742
723685
194840
114246
653280
284224
282937
78496
732356
14801
700619
223569
249708
334403
722066
964591
777802
121581
604970
214451
678119
386559
770452
657375
921030
666210
741749
858037
614890
123982
267604
397755
37076
368607
919458
128283
192252
165505
338365
402100
97043
665332
320043
258162
949746
536090
979832
487301
823518
261886
16232
191272
16614
486005
922099
707064
693599
668973
389395
357820
257067
82542
727465
731036
943444
488599
717716
618568
375372
493346
10504
593670
32450
285869
574495
260860
554884
501785
196646
567811
199199
21444
127982
736791
564832
581601
814610
915560
926570
803274
237081
629593
6408
721144
651586
321475
770495
150401
294361
339028
820515
609040
354412
266161
972905
257107
201298
368555
72833
72646
694149
10188
903869
393342
4574
649293
961680
186996
920960
925650
114178
126390
654696
77659
128687
38432
21800
172956
231758
227761
217461
532782
394380
141996
935669
909161
365238
89123
971510
544881
564881
294962
853568
513194
312535
346409
202234
543937
420495
729246
648919
371508
652879
628381
948052
314040
634161
63087
521325
417420
698248
374338
263888
206274
915020
17853
970126
839731
498664
511685
393571
322468
670739
752739
278646
66263
272156
270597
93602
529015
108355
775737
297765
153884
794985
816200
284189
61616
904863
232758
630740
262129
728172
426534
477047
996164
193888
393652
229889
373338
956293
995927
626133
382563
557799
894223
377253
208210
216398
914500
709121
821466
478122
250495
498688
230931
911288
989451
511560
710763
974153
743761
649597
551749
28169
73654
772922
21787
208322
714480
531078
647197
30606
408504
318690
205677
394472
825211
129903
617417
462025
216290
258425
267822
4633
616461
346070
541264
983723
787774
733007
166715
988815
197758
590374
979013
765728
451791
613379
269611
203289
367417
527468
522819
307233
362604
387605
348107
314790
318429
720999
526644
50752
433856
638809
758343
628935
372822
776318
477983
511529
995444
551662
427385
443765
376815
97636
648268
528014
997759
351825
85938
476285
67326
579699
543335
458448
437793
820541
634729
41021
535936
147806
326952
781830
699971
999289
645953
192039
545361
6551
85343
769569
29985
256377
227917
672125
311519
394904
722542
807803
815883
311993
884795
790828
508163
539624
718289
780670
814840
817297
965512
874317
731572
922487
971752
647553
633656
866425
942891
755962
932853
881257
668803
345216
369918
104930
833514
792443
742408
271144
974604
912905
552488
589882
886904
103526
654106
641017
685512
838038
278890
736501
522942
34061
196139
383339
515115
928111
692238
147633
645517
799560
416163
888628
215922
443567
119093
375130
549761
495161
523692
645856
482615
658616
413422
764836
344903
785615
716985
34404
494710
335533
530280
223957
667294
706346
387887
337450
819906
399256
124111
865338
411822
260857
599728
881398
396516
643655
943000
637759
968172
396474
974305
708569
319588
194407
644228
367884
758936
840175
244005
972834
51128
722118
891760
65706
225173
216368
801951
406117
343159
143694
436559
872993
950992
846588
16655
497281
93997
446202
165803
19554
143211
804356
538927
223825
794221
74098
999018
979551
246135
81969
44925
204645
596285
904696
49777
51289
682567
432774
458463
907129
897737
422603
974362
388558
56049
643870
803300
396151
431581
377720
614322
919577
206232
251815
114272
523084
711019
388233
158665
216812
197577
675416
519602
331489
518488
680336
528047
433391
821393
368599
877693
848600
340826
704489
604701
275554
842862
488807
486880
871503
40851
173412
278811
195692
702652
991337
359280
430548
873162
317797
470567
856331
899157
898029
699575
842028
580415
527899
972258
859526
147889
860382
2099
55559
638960
844336
309914
986117
221251
976461
731851
95032
178287
647033
618137
787230
553493
653473
490190
296073
873352
400770
606768
436272
274396
779471
625387
694760
932000
306049
464472
750629
575552
184369
548431
949344
718652
418805
474832
336817
430438
791500
689378
266589
187492
9359
991415
903882
562646
28692
14584
213101
180413
632528
34690
212671
184907
457979
963628
752161
30152
306978
933696
658192
279875
96876
501364
924276
86606
558350
392622
528054
348790
42227
266733
172623
483668
367994
970678
337387
250335
669830
413282
271287
316106
722590
478508
110807
440297
540238
112180
58196
485359
741025
197546
154866
803075
3074
852905
498074
430169
237101
990870
209062
806282
721722
871156
443993
158809
220436
376509
283378
430738
908630
694772
11681
187073
746999
53168
285325
689267
352074
668079
893574
215764
146917
296631
357193
212524
570408
850602
362061
786914
292052
458396
841593
766781
173011
226745
387188
185655
717304
421990
423182
663019
326882
278209
969861
161167
75827
964209
911305
409105
342641
849676
639973
185855
1579
462682
94141
459914
467483
687978
996920
183952
222702
514443
326275
287411
324617
246840
893790
311201
203020
487863
433090
383161
915533
749481
788477
77896
583000
229768
568245
521530
380775
730249
379805
673144
152039
240712
684281
461404
31008
459246
184504
297737
893966
104845
120772
925459
100248
271009
79411
301602
491241
967263
597510
170824
909381
364622
611116
635170
808913
954620
545110
322187
860563
842119
949549
409007
454105
646373
611564
650625
629572
495132
489775
761492
806701
396031
895981
733488
700432
200066
899713
746298
299262
634644
887476
705390
457777
922732
536666
964941
106377
349455
392495
233296
652368
590708
744678
837917
404490
803045
884425
367211
885245
553045
497149
956373
737865
743799
989985
761762
636691
686609
528598
364187
711523
528877
191594
807096
599419
613796
618030
836281
130068
363060
816843
890288
62176
454366
732083
317973
968978
236956
874934
467401
494711
16659
915338
147736
923279
185550
159462
653552
989988
198717
562557
353106
566026
34953
241157
979887
940256
493277
807716
852811
339419
14866
747761
719860
156479
240020
633517
727692
19377
544064
337733
158889
843379
847562
550995
288644
438573
301992
16794
262853
48558
998814
971964
875558
545755
913375
571935
774626
551002
585201
941576
789753
84578
268789
59972
753450
677151
152074
943874
307062
326161
682522
268203
223812
102039
621229
249417
543317
192885
446747
442739
536630
546896
811625
80312
747117
865946
112871
362469
613974
640629
819634
233377
835583
814686
379830
910623
12151
880916
337863
304260
859921
661910
827284
83922
668145
156948
535266
388978
176617
58990
93858
434192
721202
966362
853701
944671
408108
557285
542042
532696
167789
823324
499087
712093
373236
126321
979955
593070
28070
977085
920560
342306
329297
831439
399170
381291
2910
416345
761398
248212
871289
296030
107591
931081
869305
283034
750893
495246
751189
51104
209963
304194
12876
80623
145433
610338
842045
912443
690290
886145
912366
920873
82166
766024
894170
768537
836520
150282
898285
772181
764876
488466
272814
187218
444090
876731
897724
653579
633797
691676
22171
759332
92705
132600
842582
691171
23573
503027
786669
35674
150354
702054
626485
887199
345274
743198
33696
401417
475770
932407
428455
877420
533460
855860
949616
746073
331506
253897
264831
992346
257319
961690
936625
555844
277476
695925
308720
352336
144589
290058
343791
625224
589672
643035
737196
138544
686821
327347
213357
19152
692249
937948
891607
188935
899055
686864
12831
375569
143645
808208
409398
209661
551888
983102
122026
964211
697780
617808
214815
307319
133980
842152
270011
477631
601850
142005
50119
439710
319739
416800
486006
568634
578805
972115
766835
226613
34265
695095
70032
892161
183335
101163
374723
230502
955459
309609
745592
757078
205423
54637
926262
478961
931868
684776
903030
103865
793145
656386
325804
734906
962234
1376
675872
703945
752292
401734
384148
478405
668635
680048
448424
337718
682491
316148
344588
407107
754501
938091
842098
411447
670285
500895
72467
136836
855697
655561
664845
856516
217885
617886
97473
577940
164846
113630
595612
24755
713884
689479
86054
191352
672433
801426
708943
495412
883497
141011
472825
498062
488168
675972
934247
454912
972413
113254
687783
332373
881729
258265
993605
197490
362812
351662
435362
479457
600917
891461
316748
2005
149675
508694
678092
4959
49584
350900
359305
278310
428335
399136
695245
279788
658368
292362
339467
822364
83835
354573
380581
866191
364939
951605
199630
626711
433923
159509
713710
185268
115540
904799
307797
729407
298836
31830
370229
601177
329721
670324
599990
928827
608594
418107
182041
185163
126543
807624
153726
526950
203374
764029
166162
899607
70228
541953
693129
801765
963265
781377
318839
884202
441432
155299
91881
331286
417040
409402
157793
551831
240977
187092
377590
728593
327795
866749
394117
769906
926417
625465
392050
187001
832020
857088
254353
801750
904524
205419
135935
9162
138434
108043
981269
937882
282406
362015
604994
960483
289072
307741
242187
455947
193741
634797
832949
268860
554736
594659
520021
129165
547473
628833
184321
108174
691627
745377
973131
130293
86328
512966
285681
461794
555449
285800
112592
493056
342301
828525
773085
694949
411697
750182
593840
733996
341576
400913
177901
670059
253804
314503
272425
525603
946920
356476
665517
649621
355303
566078
665926
142387
523542
845720
566686
53513
374575
651289
508541
805378
493879
354949
753993
107686
841560
841272
765931
959970
524764
653441
790222
893881
50042
246812
587197
497188
141838
109796
572843
266511
416516
561894
875239
400599
616030
952593
978853
13896
854023
184227
983919
580335
597341
319533
877059
641886
222127
297230
110894
550681
470577
147359
962429
708339
484668
508071
807395
878886
626122
127673
828173
670030
988711
243856
57242
92390
481553
372022
783728
421979
172230
961032
712657
88095
68924
601540
557070
197593
545426
610770
863395
243687
430506
981855
174174
33635
938626
444941
802523
719808
255769
167590
799558
137099
82929
459267
750951
338393
715332
429745
118359
920689
297649
934821
433974
433672
352749
616737
770529
413943
249388
793937
377687
798998
16492
368511
157090
733228
9269
934865
30517
440075
652465
992371
64751
747677
673597
117227
371921
712019
640478
517661
918734
471334
878295
253916
535783
861370
603422
416768
777477
753015
286686
564636
443477
156006
217098
514956
986459
828896
575798
11930
806657
644822
869731
862832
623355
334406
234943
686941
530515
453553
681015
764306
879387
587676
669765
578400
212365
28895
778801
788681
362257
21019
67726
443482
234086
52037
277699
681089
816046
820259
983995
967025
778438
622238
522971
155677
506035
70756
190394
732149
154742
487982
675371
816648
368299
619106
769774
811192
41621
494497
530176
597303
679372
989956
485611
458266
96435
641636
376183
390393
286772
389810
224368
895373
565794
797869
341196
542668
646769
489282
586788
514714
790663
102734
863098
252015
61467
472726
511379
602804
136930
257991
700664
621853
317189
621228
259784
754438
569862
419563
489304
792044
642081
855040
429950
962198
134069
120039
483967
760117
295413
378951
447696
667111
651801
885233
957847
735181
360171
493784
549394
3303
192140
315998
901974
206369
844225
546869
432275
213624
144062
881929
484712
495933
747268
586219
833969
81953
606184
69269
483054
912886
422369
575759
485371
964643
193657
839498
808654
987585
231367
264387
73177
245981
391338
103704
947894
207204
86906
875986
776378
158086
806048
53327
510146
562062
263276
645671
634122
489397
686570
842943
624992
43657
367087
77288
947953
481301
156471
272310
265009
81
647781
194521
471477
312198
156281
901893
159867
215178
344088
624914
825358
858778
740022
760082
52994
939140
609652
898359
953130
359920
75234
740002
809634
495624
957155
164238
588665
908466
291765
648020
427778
146994
778736
680688
693930
149472
976540
650055
322721
107569
869121
601945
189892
493563
431084
209600
507698
751858
456673
495917
557535
246437
901231
385800
569229
615557
589827
740835
649988
477648
198517
76843
863766
397611
137948
623030
592140
50350
873205
165081
949303
962866
979026
310603
18184
874030
366894
876880
767407
97291
740473
916012
996898
507115
448162
455195
869007
215290
500326
292661
637011
175935
853004
745376
238148
639580
323982
471688
625000
424448
927217
391992
579151
549171
90654
26059
966795
533373
800651
877366
682769
241903
249133
715223
21969
149087
25845
580453
871355
489035
583292
251133
840050
616980
239921
42213
701735
380130
204693
334169
63230
103677
415595
603128
547711
411700
786583
661599
623625
228516
65819
155797
447095
292280
417786
69526
682968
905128
127711
917582
853468
510605
51854
218492
802034
426863
851966
363562
700643
966792
919029
938825
656512
816074
390040
761547
202719
972973
413435
11151
518872
469541
242278
707748
189099
356800
497189
767499
284853
906220
975033
866160
550944
655800
66169
913109
549369
803381
342117
700421
286602
959401
94851
362475
257478
151219
907236
955982
935839
702497
688916
411567
537029
536596
924757
23571
810361
951453
223234
996988
244369
698180
339765
276247
331543
464184
358877
308571
209117
56733
511304
162925
733644
567943
747216
802558
481110
969635
292754
555567
764984
341444
222625
459416
223999
374727
353411
131906
428690
882674
353624
735877
835276
577616
738002
694924
690899
232403
75087
182332
814184
254835
13418
162597
213930
28456
927196
143966
547989
241052
641109
562426
179708
294154
222061
252206
796162
958747
684022
493224
555701
813288
147707
914119
93868
915962
173967
592811
838337
243288
669814
26678
186060
296847
782137
29398
566677
391898
793815
210378
454669
613963
600948
817053
981822
930451
642995
535876
306228
103918
463921
443174
19976
138797
795624
38358
159982
540763
64552
376016
632451
699914
436669
784116
601521
480354
847842
593505
591943
181085
804181
948133
182433
949826
334084
658282
877239
154539
349155
194826
747713
232262
273882
72735
875456
558020
385492
957404
550234
352746
165664
637985
274524
190663
692594
754802
649265
301169
867017
945541
742254
680163
399780
47526
504845
175018
516274
959981
690775
311792
832247
320540
180353
911758
244876
16943
807822
231695
269049
117645
316410
482417
111072
55379
454201
999410
434788
540724
510759
390589
599838
362762
694108
230648
190247
292773
538395
874385
251596
792552
406978
731298
982230
491557
688398
814933
73813
628387
333962
491654
954587
431450
724737
804614
426347
259502
217672
127161
191515
876994
231693
420882
32880
425021
335714
845897
605835
526631
843367
498566
476508
940781
808744
235577
131267
427066
540459
445946
974022
796752
30437
251595
215409
708538
997182
716860
733360
232959
513891
337634
63806
619105
493083
257839
560170
121914
239896
475580
296514
796986
205010
497086
991190
213817
168290
994997
259565
287113
96811
844389
107774
134658
121835
784344
818624
425802
173057
379768
663597
815401
478373
89055
641833
818197
112474
505588
270374
87814
866572
289336
291321
905098
523719
898513
53881
471392
782979
802524
418763
830274
271473
233298
685702
247521
288032
958058
613428
881825
327790
448431
654873
311286
309403
490284
76115
633324
892938
363950
188536
435663
544562
125890
78849
639841
186031
845096
759826
531909
574764
11635
181284
134152
94376
260711
351935
126020
553483
600554
80387
91010
864253
534957
548740
545130
166640
969315
320828
120719
892441
359050
297141
177438
630356
796586
798456
180938
854808
623839
922132
22842
871635
894799
56332
131970
537919
903745
781723
372416
89057
196960
517120
335047
297778
441035
698839
21782
61470
662971
238158
561524
838119
232519
980575
519391
65100
158780
148844
598499
943742
873750
953604
769319
265911
822677
148993
474083
121579
403539
182394
634175
229529
516190
880906
592457
65173
562568
542901
872563
208033
761287
496342
954534
144992
201596
648276
343217
168372
659903
827261
326722
155235
771616
878138
869093
761560
459761
630242
147539
89377
804650
133102
585746
920917
835632
29350
751859
565765
209007
339711
685969
315464
304629
384842
210584
620424
154010
949857
767416
460217
879633
506540
466770
565347
349523
41233
48179
577836
104250
99692
591526
592039
485233
154760
87206
122020
915484
934204
656774
775686
438268
40395
90494
342298
720225
219361
522409
380101
831255
929134
727660
318835
881374
304383
278989
119517
941517
207543
581647
52579
353569
637961
636883
542416
934340
234092
48241
991427
395848
905357
443159
887401
613565
599531
589071
374295
208070
318919
434989
317142
890992
106788
353995
697363
570693
750671
276948
595695
516117
725950
356285
876729
317182
554941
107329
477058
982246
372424
597624
605498
482740
127117
837656
283152
116385
15919
384466
853275
253924
32425
149697
830524
89957
848225
684209
320770
962631
421802
611010
912757
15751
326279
525466
823871
878447
628813
470616
106190
971672
495736
185113
317159
131163
943822
510954
940025
591248
717973
188225
231354
647816
24663
157474
464619
373085
418270
56901
410498
627355
970564
605717
875512
78922
785035
994138
281192
843821
410901
797360
411312
722839
213767
547043
518149
871723
544120
759162
349188
691647
457484
751586
307762
383615
619222
8833
501692
438310
45125
695432
851199
238415
207932
841092
682721
526293
302637
372691
981150
406276
509789
790100
112777
233364
575389
195077
625514
331064
837024
954611
917856
474044
910027
26380
690909
724552
63258
81273
140040
808706
571956
300512
571963
450090
138722
273171
37486
527565
534347
644014
709394
561303
509476
832264
146291
167790
668998
422044
532259
452626
659721
887857
328733
89981
170355
777354
589469
50819
926908
836571
515258
284144
990780
718268
752690
569071
954305
951426
657162
184820
546550
954178
184936
392675
198246
427815
803014
140902
485977
711280
19025
527303
48323
851081
660780
233965
88177
777789
887884
6049
193219
545614
477340
871387
405227
119735
976936
642127
442142
332973
61770
127354
839113
298219
143604
284273
472702
804856
134481
56368
995909
639287
245298
504881
631524
758660
147109
183492
171851
132941
700027
78043
735895
921936
93729
192796
87523
42185
569876
426978
870885
75580
473743
738045
686420
46117
37851
360490
605643
820466
207010
479157
456762
886792
