16557
346351
745639
576279
872082
794724
268942
412008
956319
149512
886165
607790
230232
160799
751847
152875
772720
279671
840441
555676
18960
771035
279562
457482
236030
990328
431654
131627
460970
303202
318560
198685
271680
764905
293554
759672
22235
981254
203702
928699
676560
270678
112924
889344
820233
865707
86716
139631
463632
89643
234773
166896
962728
339939
777290
972004
162644
914732
401730
825000
779959
256400
105786
541137
971012
123473
702891
466630
441152
16613
617392
238234
623909
537583
754438
177922
409680
541630
353154
735834
644797
6396
333555
633870
54117
595118
365686
985851
551973
844827
567785
269195
329928
820621
295674
350183
282485
568678
146713
596512
399025
579856
775722
762132
802450
705277
348907
205524
681213
322562
820857
530555
176981
92229
443006
944160
991277
889241
377480
720413
140698
838890
226602
986796
79201
633554
394575
734591
941062
361806
759687
239035
948936
323399
227858
997362
983363
358518
366922
958956
55299
358198
307315
240964
624441
743380
747749
322222
67354
371343
87901
9467
10418
968369
118018
445470
621822
919393
718909
268763
563873
899507
618345
758840
793981
306708
358441
922530
337118
771797
236759
262860
940693
927358
30987
398189
254896
580874
133543
621574
410947
780261
144442
479970
735193
182269
486899
322641
709029
163877
399819
63594
235914
414161
828210
800991
889749
222428
552465
301785
190504
302056
271836
433975
375204
722516
311497
772557
233431
709617
286296
849054
973448
151508
892978
361919
670277
902622
649900
157952
816899
324550
865851
860562
68417
647613
187493
221733
550848
83468
235892
417262
521059
930315
869367
954339
722915
718488
888686
490081
25349
851843
470136
672613
700294
439062
950660
758102
533972
348401
574105
759569
598908
782963
476984
463209
38446
897933
745407
517721
681259
316367
334297
780574
204548
33833
684696
188965
796950
621991
260138
106318
527428
271626
537544
592102
190304
948489
731619
628550
272575
603165
751206
65035
416229
536371
334524
559888
121514
582523
878512
361208
195872
836841
116249
972400
825901
399129
913460
895253
538709
902885
813378
242582
4708
666625
36874
109678
935916
481630
740177
427051
531216
702056
715246
113221
386450
976895
397571
304035
290870
649949
416317
500812
523703
436633
662243
829635
686413
141904
429833
95613
974205
760850
936281
908978
124693
116777
106542
131737
250680
81810
592638
658070
806480
689708
967740
921236
201130
818986
253343
770483
6725
695693
302863
255309
676782
621085
442161
833236
749263
432086
301929
883327
342941
288605
517652
451174
750773
390288
155274
879674
201415
132555
245190
357731
11221
174848
863583
206491
319329
460623
800850
485886
262361
940842
185668
99265
333944
734914
846528
779119
505920
249240
870998
423618
418715
467386
946301
761016
846383
855886
367695
48038
32065
185398
228438
386643
759346
99114
932656
829850
612952
874087
261518
722850
287423
635373
8660
260629
124752
346934
278432
590472
810523
237346
591359
486986
416058
397095
193003
134755
983990
437469
675596
170290
618677
248348
388858
989517
528511
265354
874442
161563
746491
520412
209026
283128
294149
12127
96194
50030
146054
731830
482505
841678
866053
202738
780672
73645
651253
884720
336881
441298
335932
950708
141773
251543
4723
940980
167784
453143
337724
248544
254038
131185
931275
20543
6406
208814
811011
628406
428435
492591
634365
565642
1658
628370
422332
39443
11618
935387
149373
144435
123966
440632
30121
818134
210470
12608
822668
62963
752303
95841
331369
810910
645401
334008
746592
256481
843171
215701
770613
831888
445717
927616
75774
11646
376491
304621
613745
467422
770066
432551
915405
738869
299314
884571
686380
699255
568949
684409
565901
954473
408629
330570
879129
30247
661268
231224
851026
513323
237292
21303
513347
557119
108484
586491
532427
910166
904989
596175
261096
596471
979448
283856
915889
590659
385378
665389
442684
559614
721500
770226
728139
939340
246556
378659
526171
843302
664195
978477
534593
954480
538251
219964
592713
858605
561141
623207
402238
852935
247322
456808
725999
710409
694994
611590
622741
187233
67633
824721
927980
625179
851091
458603
745291
968588
108383
222194
527994
154206
826131
612220
697169
203423
916141
957556
170833
730707
512163
24796
450839
985004
402233
832257
294356
462859
604662
258329
544593
302620
653728
507138
483043
889458
725856
618785
85348
248808
109734
26614
248930
198088
263784
630025
675121
911610
269747
799648
93213
729725
821248
180527
559450
372218
661439
642678
707236
452268
559093
614751
731309
279242
542850
170383
520880
3220
597677
53298
234391
121642
621679
231263
880599
258883
10481
293254
399139
566218
641568
770274
545173
950777
421300
320279
934285
760748
185355
487376
579430
787046
844136
936954
765940
529195
926943
211992
494007
894021
926434
551892
301762
949188
768977
188619
267985
549700
964395
426803
469296
116667
854338
669089
113086
328323
224067
428971
791257
12460
318005
231062
441065
677788
524143
866410
934814
54480
646657
877540
758311
192986
563944
452398
904353
82891
903430
349722
679816
822557
41456
67145
778411
932601
725089
292333
210920
67502
48293
534759
378599
105076
708747
972951
315936
155738
34057
167086
843287
123360
737892
951767
555380
920805
958623
856912
211671
41904
563439
86544
89902
27087
931359
457465
504850
245926
345846
884747
504012
312534
111915
583339
706893
260434
140419
947339
617908
145516
33702
141473
829405
539031
125917
380175
834469
321750
287683
759049
324131
540572
446379
523725
490780
508904
220620
512133
657582
502786
75009
406721
446
911603
645256
345295
185179
626021
965808
642816
23634
759022
668270
748787
819659
271066
717390
132549
939174
156977
203609
311730
103699
24502
404894
691269
918784
879782
312020
201590
377097
391231
534050
906089
382643
509895
277206
891612
956818
110100
387546
470647
813485
414260
877709
227769
470279
462295
157270
540631
987366
854407
305176
492795
116016
71334
665340
183296
222754
473345
522256
933396
313145
226700
657161
896895
639538
876377
575302
772534
121452
850409
392107
830823
236546
324342
614888
121389
562885
118749
828983
523059
118319
12646
60973
31742
543984
107575
591115
696159
170876
938561
835785
933593
620640
346084
529680
669481
466550
654666
312878
930694
165021
976395
234238
764419
694199
188805
962231
834484
668092
299170
91205
820672
651447
495531
570994
125487
323449
756726
136472
568372
462834
398747
758674
613927
152851
987930
755866
835292
206100
417646
646685
656728
43171
132960
782855
953202
431468
596604
218516
722951
780105
206825
624948
1023
796706
540876
705818
493477
192573
973411
629263
385469
223463
694613
846891
688956
136988
368940
564300
692145
171730
867913
992263
508022
85584
241149
705430
97167
550238
177295
599608
247830
928813
155938
496033
966025
290942
832240
169432
940627
493332
986483
537238
61714
398347
351931
431728
700882
442615
578957
542171
136598
384661
253914
52359
929365
606796
748714
919999
240939
961886
735238
955993
834076
157405
408136
195644
713727
69260
370210
332090
479165
616525
802396
709903
470763
237598
629498
772872
819721
338219
514284
78308
666494
645521
929017
939467
227028
365501
883721
268229
317902
450624
310544
343155
573502
464128
160746
296548
270420
373567
62299
113993
766684
769374
12181
144250
982560
601669
238735
801562
128449
877994
835092
359037
778930
503317
769793
890781
443281
296433
500817
831789
214485
551252
254252
154742
366385
449155
758631
505077
477329
934509
410008
95479
268028
802071
811393
451842
650461
498353
942278
819601
70140
182281
917859
95681
158996
303453
469148
814850
166184
978677
20246
480152
887764
509439
378818
628048
54941
490593
361270
263485
75011
260740
955147
517956
193029
938129
389997
88552
146355
519648
720643
490238
464980
572653
808725
252213
195453
618090
529942
800497
775856
551070
210285
961654
12202
258942
114828
382542
131507
962980
416085
326969
384793
563667
802153
790473
336191
282828
56067
400613
443410
675734
491216
676870
534601
731945
705945
223667
797632
410818
674379
384555
896561
479937
14012
720911
850073
96782
912874
218043
896771
588299
363312
10637
411981
251942
684806
191429
701772
336280
920909
988324
201539
472131
719853
344958
660237
141078
302683
441089
307111
444405
286697
179551
643979
633868
5250
781316
909622
35343
208047
48894
236992
841275
687372
257756
443174
186872
604607
483999
569701
276306
880283
167038
728490
619213
544534
801035
698176
865618
643080
278468
793484
847576
854023
805084
410314
346446
242603
889824
191398
268275
482270
80444
609868
996553
87401
247522
773622
958816
477178
906956
211051
659591
527401
13011
94236
26487
841776
681160
558421
570072
522665
998865
410271
871083
849009
325929
713668
169904
750362
832812
543888
865926
52745
466216
871303
554778
730348
372933
905109
61755
244711
498666
731574
727167
869376
382164
985415
846805
286431
674627
723609
894175
552813
941780
954294
223773
679611
321092
939212
741070
731455
890048
170158
712879
898094
622671
963298
88227
158871
591423
908002
562598
386800
868151
970345
90752
30073
29505
914323
791339
824241
716510
458755
957060
721556
398353
699559
903317
195078
558121
942838
66725
658599
257035
212044
175008
928889
825238
276214
78158
680908
235342
835006
495428
744181
738737
386702
470703
739786
503071
221272
573560
279990
323669
944967
492115
724433
845402
232565
696522
641342
46511
895307
46411
684733
950141
370067
33983
531782
131198
943549
750706
435326
72422
219624
426620
829777
900146
353185
286096
719175
822012
222437
200937
739637
109357
113959
546742
671472
626951
451809
427621
289161
442393
580969
81244
86488
878317
271726
195638
469901
924128
300762
823249
23714
456453
364196
713664
575436
924610
552287
525859
970592
979084
802634
636391
171983
659568
510656
54997
367766
827459
400216
664531
705966
507869
939166
364207
414642
964888
861573
686239
992139
31489
398703
793734
316354
584286
639318
956766
956624
741257
969621
965270
188807
710735
206173
509906
432060
807113
34420
310510
203107
566744
824947
136568
996070
249906
698094
559223
239263
256610
610437
10721
475014
371420
703120
17433
585858
633345
737570
314572
203534
817739
456921
819484
606620
79173
9321
643051
629442
946607
820362
359632
616419
283699
159783
488167
904122
22661
464929
448562
346257
453733
268457
676403
978383
465935
432035
196245
972046
7054
487134
273849
962479
372020
309673
975228
377183
515291
236337
95016
276232
82686
383670
704543
465428
3177
608374
881100
348225
727456
809280
31054
30380
413733
109406
197411
209841
310992
121960
859090
642300
763802
991402
637248
894986
254112
550486
307809
619669
