60011
44302
490240
738918
637633
84396
322017
704302
616934
36064
894969
777723
291336
457624
607533
664281
249563
845855
840044
845063
106023
341048
53826
882445
306634
530270
319583
669982
436603
53390
650373
55992
181043
55683
507684
510132
54469
53241
96961
975932
374981
64650
433427
484568
183999
34360
686703
288065
590206
952451
740522
337871
439627
346550
826078
225314
302213
405617
706038
166826
77338
330880
515539
381560
335077
465071
473828
827013
566321
738156
926990
575254
685113
647229
597051
837598
646310
128108
143569
649818
544849
104034
871909
936662
693314
804562
260654
816935
189348
970492
301161
833120
573187
99046
516797
725093
88382
981353
631149
112301
107739
150779
568531
843773
992026
906071
559238
919765
308576
444357
641831
602969
919906
727757
265411
211786
813387
952951
70336
100581
9004
155081
181632
162756
977049
663036
95881
774080
918066
907231
85484
946282
456222
381599
620350
441618
296330
36555
799693
859177
900013
380602
522413
520101
889439
402958
867010
92161
353593
299194
370254
9668
972670
329040
960297
536007
846444
645119
950752
655826
507275
647791
334451
384498
499222
147729
491142
802643
817457
176577
948724
858189
114568
158908
739286
977096
255991
941666
153766
873204
356873
721646
823276
660272
976883
158341
471645
801156
780910
245167
843496
149197
689727
501829
80576
976708
615872
804833
175005
589723
566219
258513
610425
320264
316444
153338
405445
576308
983384
88100
382997
766172
388794
959826
329897
798535
290140
227149
393764
461882
175760
438375
206822
220560
673791
755655
365327
137281
134784
698969
71386
476713
518302
204960
29497
907304
687468
628057
988862
651651
493581
82696
720339
43928
937716
561590
260261
973787
230073
995970
880055
313919
122592
250413
574601
812826
994443
129176
679883
588774
916003
416306
441824
37690
942076
386265
626192
501663
984504
742577
481406
505311
572353
463535
783277
126247
205146
694877
917413
580717
822244
552515
416192
126328
307621
266769
211811
319150
575760
9879
728248
906468
972674
536535
719155
12218
389036
930556
489728
963035
693505
573633
653147
382548
385039
289515
216739
290026
659142
760664
320194
819545
403310
770611
687477
85952
5828
340079
837756
364293
935594
632975
713118
16005
73490
648395
544270
183777
323481
458092
908797
199399
117144
367420
58871
962529
187470
216108
877797
725554
945412
806545
157379
446128
702853
987966
892821
283397
908696
702406
353616
692989
450518
742851
606956
300488
365416
287187
484848
170115
628900
617523
100396
441220
911007
765813
248110
57302
747243
116204
996385
173130
114133
76189
54015
242909
494088
330346
534862
213613
439236
199562
74931
617915
926198
772632
28754
950462
11973
639934
358882
321079
196162
892854
522908
252084
906038
877049
998305
906085
298918
872264
59893
838650
462817
159110
879068
504861
139936
597574
985248
58888
998945
316671
266224
958911
346931
346954
330647
583771
30200
899934
160262
755649
891917
149631
813998
212807
351541
899742
164798
735375
692060
336403
536362
597874
517376
242512
170048
648526
592674
312727
895735
499194
956559
78919
75055
280181
818139
887554
981332
379998
684950
213171
467412
72186
450470
819139
326457
636845
770844
448738
126008
897171
713284
599999
248836
465387
697002
635857
691762
173281
375390
999664
18048
352622
406460
43706
155305
452257
856164
376750
298569
174058
841675
897482
422352
834291
760385
790759
926313
901967
797098
356486
955120
790663
639122
480059
266811
47918
629626
331113
701810
443355
601319
973443
361989
568261
354880
430977
240282
91096
217308
847401
674023
670743
707791
554116
503267
119211
817046
419066
953842
625742
412159
256174
492865
116188
323115
187222
698993
151743
999893
504946
251944
835830
539205
798371
999898
291974
318197
702324
919137
296174
249144
325987
279173
261744
561319
186027
555058
923569
156944
329295
585780
639136
780697
627902
211735
224113
770280
923460
973556
125167
126505
664555
140766
559433
545663
1188
944988
437104
352994
317478
651764
179636
639903
781460
217233
365098
543230
502538
430111
861970
923863
992332
515398
808420
777326
358228
313488
937778
221103
932041
404387
685657
896063
795384
195838
859131
557570
584966
229328
137401
801988
714882
581576
763009
92671
888520
819041
91862
795490
973197
951028
303003
697040
674659
814293
415421
884326
9589
82863
37456
906987
84985
142721
137992
945337
306642
776374
270019
334818
995483
180613
337679
47358
13441
605269
437974
746119
670241
90220
940797
798866
292571
317213
980370
183513
349618
357296
123499
440629
505966
303473
218402
822836
637057
154521
213683
979458
935277
414956
707231
699266
317007
929258
841349
170541
458236
845051
163815
547593
545299
146619
904148
60630
164064
459570
11483
895441
634891
296914
723064
323780
768748
176479
646943
415295
274027
874153
749985
841128
644576
694769
193646
314795
69792
420451
432962
695059
525482
123067
445285
563313
812641
605840
722463
610597
265656
58571
471038
777334
728663
704737
613413
259440
968228
534307
227166
932882
569165
193997
728452
832424
677430
544046
631052
319770
104110
227148
811782
56165
718668
134696
563577
466115
633168
868157
584377
272693
778401
909094
539907
591848
525084
922150
506499
3764
540305
444123
253286
968007
152246
696593
630323
625947
403487
183923
680301
645066
748468
72161
530585
119961
463662
470775
99703
156556
705762
326646
833648
849656
728854
714587
99910
408576
825068
606053
945114
448861
757055
704116
911444
969915
514432
208641
195352
720512
702136
592328
483260
485730
956537
831946
685166
802243
697763
796673
823391
576677
764885
352371
381115
835712
481171
417305
985561
784826
172745
443591
306515
669112
993323
596377
899419
304760
288372
771398
839802
416425
872935
438011
5009
69474
143998
611373
440480
872287
684181
632891
479257
265359
693390
639390
607472
347211
613607
155470
556644
250817
869708
596092
893908
461579
810564
363741
875706
602748
899641
529499
262033
641065
196045
165276
130606
382099
885010
41497
239537
20431
597131
114835
362147
826236
214787
440944
405181
357671
371
792991
177169
817229
589001
481565
801379
973717
617882
544264
309430
499838
896184
718176
874324
22928
969532
909884
208294
194988
650358
621520
840474
604340
375517
71671
774965
744202
575497
580866
852541
56893
188449
952914
536438
340465
696326
387053
818678
536923
238926
496875
499805
859615
437990
171654
572555
99909
346880
439483
151491
818681
49563
288187
689621
903084
935385
383385
753894
716571
855518
778545
699382
267205
607731
499944
828595
959706
643828
401569
109914
942145
208103
193863
492793
628314
878714
804875
409501
238305
555850
100901
405876
80679
804989
431
697966
169835
660912
457849
633952
678937
94182
395868
882734
868777
500444
398479
812645
181436
595878
901091
803396
634972
205163
310463
664463
134157
787899
824019
39861
927307
13294
884110
527795
890177
95673
846727
343108
470541
934451
628060
375703
667201
550722
178952
580947
488006
469054
731547
651545
178357
591786
304543
496745
9013
189607
579609
339503
760443
145498
893531
297254
121056
859005
417143
381840
436917
807255
16947
312674
501325
994949
500575
1531
909293
538988
507686
596171
980798
822727
190594
456376
361705
292160
312057
64521
304357
444666
615228
602483
834103
666995
620022
77169
5365
872055
32638
809432
817015
64338
956177
606741
813411
480071
116202
156928
350034
440745
324966
69918
682466
902096
370923
48238
267560
659041
456222
585237
924442
413255
257876
738301
468332
691251
93456
528022
332052
775789
251751
454370
784271
115857
945987
944727
384084
312672
433797
262794
856075
165632
65496
514101
46982
223854
457459
242727
89272
985818
753898
770718
274315
509741
215763
227561
213644
48869
28542
217470
871307
780145
587207
150287
124103
643533
296254
868154
611107
949817
30000
595555
71106
54213
759127
87210
54092
206424
218352
597240
639293
807691
925047
93636
882958
702185
902256
724945
455696
2322
93741
286056
812772
522339
814772
519268
316339
914615
541801
434673
866801
984774
485445
893301
309051
306669
686864
716573
351614
774122
271038
443808
752722
80326
936135
931911
401924
77631
815349
872463
204121
218678
823356
746124
112299
644038
550837
78820
295329
660923
934745
846043
681241
707426
564283
279199
233545
383917
975288
198461
835533
44855
665228
123320
40838
776940
906499
82988
571372
181111
902873
894244
119441
434344
309020
592017
989591
66760
560542
833259
830157
217923
707485
988796
145697
299981
654772
280468
300863
772421
25530
344630
829406
100019
876307
386333
926157
17900
421490
906921
593630
204988
192717
760005
378080
781245
478921
912856
505209
436919
422352
431668
399867
155447
970842
287398
197015
934345
998423
647835
45302
20072
595556
731272
115865
485707
787906
98073
485304
333375
193030
726591
488319
501112
91297
655327
475666
293598
291002
304437
481975
3547
743303
41674
126183
150806
512574
748679
825186
272356
820615
409151
383993
705682
215271
572854
552077
754524
717076
384821
842873
204374
110587
769515
835708
475044
243890
59183
752712
864599
702004
755841
634291
382186
854170
594556
797049
382995
750921
707837
755127
862562
484973
801635
592057
698985
116804
773844
82724
237900
771775
7263
52545
800686
760224
503231
210148
304250
208672
127209
145460
261267
314791
738513
234061
387824
395075
832092
205785
931712
289252
960824
125275
491722
525418
916468
537114
753808
438276
277223
815352
4723
907737
517290
855545
66943
218528
795809
930901
726954
787160
48715
621486
997622
784634
672713
568800
673813
776315
218058
673711
588589
755411
840976
179839
498611
723324
701971
354538
753491
350421
677686
318581
366922
902351
247220
422952
401679
494308
345559
29920
577874
767954
455114
967964
846162
82469
220809
737870
847368
439922
706318
313529
142742
5107
57083
944778
687312
28339
296811
296761
975997
676406
442527
411907
755359
971044
483358
41342
522631
299077
411863
665039
446222
773654
822069
30293
411424
832538
986057
125706
906440
423444
5165
781645
563514
563549
204764
869622
436357
123466
24031
478900
911468
525678
585964
131396
116276
51327
367090
943978
15815
582916
330997
327890
956180
527111
776955
474651
446617
57808
75858
579760
548983
713844
823566
63041
207162
921467
68044
22584
114290
316558
957342
540040
853358
746415
798280
406684
427565
178826
119718
761936
224792
189557
562424
590892
374779
492334
480207
402392
383446
781021
17256
626535
849599
109122
50337
658672
993024
706453
216319
468244
940257
77018
990507
799027
362090
791673
126820
218536
447537
740546
230795
803049
151719
905433
703786
989341
935740
633795
183149
669487
758493
780642
106573
746167
298362
50927
446742
606440
228790
546690
415594
550115
415695
194594
377868
148027
998828
482244
315414
309645
948504
885046
666033
632398
723888
195472
742448
568443
643604
789839
692468
784937
692585
458687
87513
302687
851736
567577
961554
850524
710037
593972
218397
423195
689561
707221
926305
875348
56315
300664
940765
944837
400015
774964
839908
945579
518229
594372
541262
470738
828193
779822
980098
886136
85544
699730
575039
210603
137045
442831
351771
222818
765730
593812
573489
959811
341044
557382
949203
223361
155770
611186
893646
38323
299999
139368
50242
817964
778515
513207
531689
597402
244664
860114
959043
454883
326044
949454
289494
986150
818090
648634
826799
768929
480787
133872
785444
249543
764397
6257
448508
171245
279072
644624
673070
477322
738449
14947
317322
563403
471919
230195
493888
934101
360379
18768
834441
81514
410998
849164
331521
367210
360531
310478
65213
306023
328059
460034
889186
628688
208854
559165
396625
475721
677500
677294
835328
926052
533447
183982
930267
595373
419281
105648
97772
817435
289527
629421
776576
981034
607654
496002
653303
545445
804863
755855
634493
88256
890838
947808
640591
858567
273738
422656
610275
971198
321662
751055
770798
929819
278776
495539
401704
206606
890553
639767
588113
693519
964338
915430
63697
3443
8557
540111
94328
545053
426939
348564
393189
917197
422583
637644
276931
13183
140078
129590
257602
165560
900129
315973
19799
905653
892313
627410
663283
910438
389203
458683
817302
743457
99096
14461
911223
758326
152851
988294
480055
81110
987190
52121
478861
351481
147157
53888
933422
143231
123911
441237
124869
126752
439377
355396
158329
51788
200227
652697
97694
160287
182666
921896
11833
431338
423875
216725
612491
755681
808847
963154
353837
60422
326373
566111
355761
762026
703384
103015
19538
271050
726568
849593
73133
179903
114368
978833
952505
328427
256281
696266
427186
714892
546284
256475
431450
96973
606986
721516
146322
429074
347075
361095
621589
568941
205317
180019
228288
857408
679860
27097
212623
274036
283179
577955
833194
303816
267232
98264
747230
741983
581352
646758
458990
420528
736978
128834
293044
481187
793504
424825
699904
578273
316263
477638
75158
806226
588447
440802
238126
263130
338304
736226
462700
418371
420579
737466
71951
255607
448020
246327
936702
714915
705708
489099
544480
114211
207588
282310
501299
812583
260283
976333
354324
661872
592670
626139
157527
509955
234614
739481
766555
206867
910987
752609
772693
654420
847008
613793
619790
249156
746092
972337
905253
149542
368869
726829
469020
846300
495412
367025
222356
548933
587704
661904
764469
908158
390444
66471
273256
86285
552297
772973
351841
501256
902401
823412
448444
266282
781225
318696
570615
758543
754036
518824
931216
388596
452469
148810
332233
876042
797634
180342
332135
281488
257855
743198
851994
76857
855481
238867
18950
714007
549245
935511
762057
834521
961332
667522
196253
127409
3823
11228
744786
543306
150620
116506
385608
210115
974766
429319
518319
308810
177092
824831
213099
625714
937358
311107
52204
760226
3826
805483
790582
383345
999505
120727
525447
767098
494632
763130
675561
587821
272964
197282
101753
363335
277876
924951
838028
97817
952917
745724
224946
979858
356365
215707
607119
3158
696109
8197
301451
33658
230425
589753
632169
449512
339202
849038
207905
173800
241361
451896
206225
330108
221363
721680
927413
317795
418872
933077
987172
452585
829156
881723
899571
268368
123277
706605
761764
284922
709616
941917
527791
110963
934032
323288
722446
358171
302181
590110
11036
849706
202608
838138
811468
157933
245115
98147
4137
127310
99621
258292
489747
559560
34950
145011
132543
883865
576167
673220
743266
706309
513124
216856
539795
386556
475470
929541
402408
337982
662116
121769
925443
342710
230799
458866
282787
800904
341937
432089
567836
722583
602652
975866
649564
356218
567988
733951
652767
709632
806247
726333
850518
231753
683806
885174
727326
386821
911144
916926
465557
487740
898625
274145
23694
321107
22107
992640
875683
275916
636451
225611
688599
949514
236459
272674
641401
456773
339564
980715
966162
590269
974927
833279
740942
44263
317088
995245
59533
479149
971982
228352
227157
446404
509360
892877
19999
511541
227830
340969
958655
895752
719654
5163
190684
965475
708277
160171
861976
932574
43319
806940
588159
659416
231394
913365
402025
255680
188164
317360
827095
992631
538013
558467
499210
259768
630459
162942
745954
215151
575574
335243
777219
315640
322020
660735
267253
570798
177934
421331
918322
80276
802504
341304
459975
936513
355825
484371
385496
467971
701183
36775
80350
214822
238232
21409
469721
666265
270852
407802
199046
708776
289295
609809
679022
299113
875190
85857
260539
309671
951368
742936
991625
337238
596289
515852
307230
21783
708610
881187
754923
566237
338672
747973
581210
669184
55504
181574
621957
890752
171515
739952
236520
923129
452490
785653
386910
726905
847269
511384
444528
123983
667929
910998
248794
411731
393589
66191
481440
402553
977319
925964
966913
107235
669463
54328
960152
551948
970050
199100
320016
385924
109139
136390
987702
806746
210437
973954
280390
482265
558624
517271
160782
380670
726386
190954
154316
532701
699576
956796
42965
621919
744477
662028
742053
578413
680634
551298
354249
646071
159177
300149
570457
733644
311143
43802
139228
134470
275150
31948
928936
92351
59518
678163
972551
986913
613419
807622
997713
918640
783479
533035
331991
754257
501267
290281
753142
489155
264166
559630
809596
383413
127591
981857
772109
531079
760493
201543
997270
103851
320592
953263
550054
764243
811973
17351
334015
876454
88316
605226
858601
141070
306954
240128
971257
614529
909779
891733
687865
996188
888610
144272
799648
607870
798270
861808
851388
315194
217863
678754
334725
552462
603951
239127
174457
353419
650727
31459
478516
215323
638615
557474
715938
599659
802247
436339
166980
510265
380813
863750
216944
548130
659363
586520
576552
124077
138449
440307
906042
973039
547301
700345
138576
929171
625704
813256
728601
810678
204101
980473
748388
250111
95595
590321
546726
403233
390560
849765
40349
690036
775048
683017
726610
842663
280205
330096
658574
828987
424903
441316
437407
370717
886778
19941
55663
465826
456809
424363
232343
165082
169712
583477
953014
765064
935054
765553
387902
242694
780186
365989
989263
159950
989700
465621
375469
300941
800758
598185
826302
980840
387171
744540
775271
408189
392091
184256
321796
36164
195928
140748
641054
67240
6485
567501
135972
37475
238871
777616
666017
919567
558885
752330
934515
937618
872790
193405
472673
822065
412242
548677
660213
69539
235184
350221
248318
662770
649659
193545
374594
963606
831316
33791
650317
599315
136840
889425
437380
400706
457253
995527
493817
259517
334975
862467
482757
756595
11400
847147
976569
739333
70781
818043
457523
328086
203449
763909
740526
855904
388597
198205
278551
765597
258263
891771
83251
579647
371474
960596
176804
659812
556632
218068
515049
781932
394256
605440
200689
985836
257723
182544
858728
4393
8080
940873
462053
924107
786112
511051
819383
499110
590804
627882
442259
573814
348537
831362
175031
702160
736826
629389
707844
942305
590227
347169
302813
554325
894780
664793
502181
371180
142649
312245
616591
240894
230195
912067
309860
436773
670415
801165
141792
110784
852444
891584
441456
204748
57141
773562
687810
869871
526299
435404
731343
656222
910853
976719
884798
621365
172889
189183
583497
993185
421489
42798
279186
875128
111426
618352
44707
673730
503019
928400
324933
846971
336875
339197
393385
973100
609043
638711
785557
36388
380638
958050
88930
281280
237805
712431
847052
564216
583655
179697
727962
668018
516637
333679
241437
848275
638911
54648
37893
720016
337263
151622
379722
420308
975922
472854
312831
400744
506790
744905
28958
974029
207722
90231
364519
826588
324393
929840
732916
822932
432502
181959
913653
379284
348486
543846
846820
919691
528055
408837
719403
894968
883530
816818
303802
987119
77032
587467
152564
843900
703298
138825
415226
714719
436295
559900
86608
930295
306662
983543
214813
783078
169929
969588
754825
714164
553909
866251
57787
57023
426024
201642
610989
241875
724345
919368
268553
614228
474129
56195
394412
498927
604467
228897
466547
508086
833489
995741
975523
689058
224680
852206
183079
628933
25049
405543
14169
42395
500565
545401
589328
146686
317721
114703
454236
565274
794761
374553
785619
888941
645879
762576
931613
91120
360934
409724
464333
220425
363046
574359
764639
161559
191782
851355
983970
986725
322571
967627
552621
328901
188355
197973
255022
60887
55983
60619
721596
428285
318429
40592
848262
601691
279023
30487
578353
981661
654087
492440
944183
676291
786183
756520
709987
636024
205703
217601
46258
151499
46051
380313
371195
814891
395069
352539
964135
244104
382550
177947
181887
247198
969104
699559
964877
595742
661378
640777
348902
815380
813635
956967
884805
789937
849999
545539
55192
247308
459899
93467
873122
527723
334751
152026
817580
460163
696085
305117
683326
167946
518391
983319
472696
888455
815035
208320
211272
417722
165196
461671
462372
68189
117098
883865
25162
77295
512248
202470
433601
54885
605219
796109
553192
768469
251236
288274
798112
331497
997317
495419
221833
368651
256933
772984
903954
205152
280084
357606
556473
928565
963073
533240
73112
669938
314888
630188
636854
680443
412685
350979
13354
198104
346447
994317
687464
187145
719426
880837
519626
482708
61184
334433
475043
995149
726892
555658
615122
736751
506680
110831
668506
187586
366026
43322
13395
716786
497540
541925
264532
52510
534604
917318
981618
291847
249937
767447
164161
410043
364463
948768
872091
27065
324247
861805
914135
671831
293786
563547
310085
555624
537649
717229
424100
903258
60689
771115
370440
694317
698061
220853
204031
784494
100860
838969
551163
634521
293270
788348
48580
127137
347537
46499
713909
408761
131256
37804
753363
729289
519429
5308
486163
810055
749336
696368
877536
461439
331616
195120
897119
784267
735230
329916
955229
827937
460425
964186
242307
319418
627146
993951
528393
240479
839932
726900
753622
144719
300343
216924
547386
782834
650402
911132
57544
207590
231893
563117
493315
868967
671693
510460
464990
273089
371448
406977
961330
242267
653041
191857
229461
956862
861302
757457
911014
639316
579775
53577
262470
491130
786725
858791
658419
488410
10308
586901
177827
948608
471591
607905
42785
215318
333530
766441
65782
304141
407708
784626
445880
749509
744063
535064
955892
688520
512695
151550
834821
781385
855369
439699
764017
424284
39845
544442
981486
401109
776259
154703
915801
18419
107976
393468
718118
232414
287946
119583
672469
18113
547511
887383
152292
474419
986190
287162
299803
336784
424012
167616
755326
992031
682811
852492
489500
733712
512472
228528
366248
887433
960340
839904
454819
402517
638836
580712
62250
851135
889107
140882
839705
772429
741613
296938
773359
909728
2909
391921
539336
867381
954801
763656
286531
690109
556032
860688
864814
81891
696149
463558
821089
919465
651100
473281
645357
123723
465667
617120
630261
678850
135203
594034
95187
453348
557991
80520
386802
482176
909246
16080
187552
261346
476027
561124
970626
873733
204551
987942
500031
268001
142727
842205
632386
277426
279516
313132
701182
686125
942074
95580
22475
395749
281198
216827
168550
114501
668153
690338
260958
355951
138753
195877
424509
81707
652768
654827
53683
4518
162629
203397
413929
214703
712144
281952
271231
689487
547681
94283
152444
489413
455890
759749
626681
790870
411240
820638
457925
938560
67672
168705
146441
320597
473352
583306
366097
314463
265095
660170
285860
577105
302540
590044
726365
706288
564377
906105
796625
565309
684986
110731
751310
152920
87025
287074
875479
602604
294908
637920
270008
799356
24754
843072
794443
581833
632202
506801
613988
598743
528380
836550
189897
224605
409005
50843
806833
134171
250133
252708
294130
180356
53135
518307
11875
863615
319143
456594
804753
584411
711054
549134
823779
458609
414458
492677
517370
738920
815979
808077
721667
910641
446874
62816
211284
897500
152860
940913
23447
279796
395832
149638
814092
687685
236629
300830
428713
361046
288194
629376
55690
470010
831724
409408
8184
780927
290836
187770
697201
367876
600228
706541
853669
995249
567849
302087
62120
316909
538720
651210
375374
721771
75220
599153
614303
216345
535042
3334
716105
736509
66657
395865
846914
438707
168723
55158
738267
972591
531190
791353
278315
546212
757788
672656
219096
118848
396945
872215
823054
368116
928782
392531
126669
111200
949273
945851
855312
706281
511115
327201
661065
11913
946866
711329
331325
709192
843921
83747
515239
566812
810291
649705
784099
524866
26559
986447
793962
421040
428866
152810
561642
765597
373839
748925
706468
476224
974211
706027
893228
668101
271624
262352
87009
448108
288220
103686
421271
183802
682245
13909
920325
265842
53164
51946
396501
4230
263363
110716
396119
559384
269109
157286
150663
454850
52370
669546
654740
522080
695049
347827
466035
69485
365658
445704
426158
750623
484634
340258
870357
548857
940636
438891
384773
945458
252633
839990
517367
388673
606323
30233
282929
157448
270349
418991
619631
673296
411378
375981
24105
495179
155769
966924
910751
226454
595388
188860
146118
870240
375694
289467
642000
122340
322662
545476
600073
825726
595024
477332
421044
895285
497410
451628
617680
982009
808733
724013
433521
191782
68932
533653
162920
229134
311919
456663
145603
197406
307041
44458
274521
132898
248570
500147
781824
239773
875006
200823
29005
836971
826098
449685
341792
67994
984184
285991
690896
695054
846290
656274
134620
941435
718569
776979
690924
174046
378177
715525
331790
387163
657483
864480
167672
851254
310742
235156
741124
955838
835290
169034
887249
779763
733914
5657
108408
34065
918940
416161
608690
855994
879662
394976
141765
679389
701799
46203
172933
102811
107749
780267
928570
284781
275939
804338
395835
243443
630498
704416
830104
942439
352917
801947
762363
287592
777298
588872
753146
21086
516397
522963
208236
256654
532292
434964
452708
561118
140658
851814
474680
178668
658697
435508
888955
762085
411961
681252
676102
816747
830635
497643
8619
986612
488807
727673
199002
883256
671295
144349
715761
205723
519411
589427
748124
891996
237922
103462
972969
127313
35363
191480
978574
245286
63370
945193
356292
330271
820628
665001
628377
993275
616953
22465
994492
573258
79323
537488
560250
541293
634075
327308
776767
248149
861577
958829
489954
791302
910484
146644
396386
66437
460001
466238
773402
268641
563788
278901
548696
68117
738667
468497
637295
580494
711443
548703
927792
134179
345982
73882
327381
231323
434998
515000
858606
152359
610657
346694
193339
199386
25454
999560
237991
185103
513088
491900
272863
59228
926940
990023
2350
60925
609795
751181
241375
337491
628679
954942
156075
239265
806462
620666
452779
479244
984739
652901
497561
747841
568143
803686
413438
906742
453382
881185
46525
104879
552485
80077
357109
4441
863563
616211
778093
434947
767408
280270
760572
121751
534246
84302
143265
646196
245766
796274
64399
277405
51691
203158
212887
5805
304077
900091
181571
798828
677944
977691
83250
776017
747126
133538
800349
62055
479236
658527
912241
699603
150443
220618
859370
58802
451540
448919
411223
330609
845165
636627
351436
998549
652062
710551
142614
276796
569537
967468
215901
844308
491411
980914
779646
262195
242589
888492
444206
485420
999677
65307
752663
482805
753396
729942
605359
923588
55181
234366
571619
323752
922175
840731
171845
564935
381197
360147
777798
141482
62025
267046
411529
62648
762984
205241
570456
404574
127829
368137
357129
893830
588068
718567
556729
114966
606988
13550
816835
345829
42264
856766
752238
173756
435427
372864
361871
431365
232543
361749
770068
914107
202776
563010
920108
823175
276781
758472
190428
909038
231799
565098
50265
998637
398540
410127
271921
197142
225415
958307
252616
72526
871162
832861
572752
914339
953635
224005
433535
384209
372146
666351
343962
326834
158140
615262
54333
235232
595036
24794
432386
498461
464396
100928
291035
820361
784807
819315
53712
988176
59939
205357
363093
31767
518824
361075
629160
634494
217237
255543
886590
999711
866499
1822
232404
173495
981446
768697
729844
278364
150209
400444
222033
291665
959187
702205
425469
374948
825256
832649
875537
649030
42156
159058
149217
715268
700142
78609
607779
314746
834941
793578
875002
951159
487864
927834
563108
807913
729918
869013
847059
682664
220114
469396
368909
539035
374689
595441
874099
982415
269339
963050
644159
427849
393157
606294
789680
533956
199411
972966
835200
986251
527287
297792
233793
14989
435147
613580
367024
174849
32525
21972
159436
893658
318609
557207
905858
381535
356934
295168
173391
497481
752064
233548
494874
786370
640661
400478
85143
819120
326316
584494
304412
109020
443540
682536
915507
149566
127771
187357
171413
937429
822288
198709
461207
240644
200653
92502
351974
855427
452284
164376
183659
717311
708714
735790
266646
742539
704967
12223
818639
852019
852484
545450
799620
118959
364646
628848
735753
632995
515406
306252
949487
635879
869832
744851
915263
642563
504379
679217
502347
460697
388395
82292
399820
34454
652457
593549
777287
698942
158818
923654
514335
454798
156660
695824
922864
552943
891384
74217
355789
767505
438476
579840
408369
688894
910709
659649
453812
963325
759126
889205
914731
371535
21733
940585
873802
475906
968444
534870
214634
888797
75042
673693
837937
210803
423720
953925
342384
607866
330833
629784
788030
466208
525134
297308
35607
115174
892557
639499
493459
681013
729792
623859
109043
884058
269097
92283
237514
754895
817486
686870
670046
454528
849841
83146
231239
124503
190263
850523
662818
174477
830538
19451
584530
94516
325492
806379
568749
398393
211714
119286
795353
757019
141687
444644
167460
968707
441201
304386
2384
690003
977689
469211
568593
990560
494558
143974
842444
656580
121680
941157
505770
675482
911805
227560
717829
71410
662351
906211
8789
805951
722725
939416
96028
659953
61080
309857
178582
241582
771328
165436
472758
734145
742628
592300
619293
694680
877465
668966
945468
937807
599842
496831
353913
780703
792511
586275
606688
498714
178484
910860
406475
672470
789675
140534
979650
951063
21473
998698
714050
312808
235190
844348
394389
730420
648521
906065
258921
609426
326511
922665
570919
752783
277562
741390
753095
158222
294182
99438
453893
441420
186973
755280
106212
627986
472813
189498
141130
557638
808908
367398
401817
280568
214843
320641
894776
449027
788662
673219
897150
758298
208856
808128
80015
839802
856569
16070
858140
681945
503521
929863
457388
395981
503818
77819
461780
364931
46772
6420
127704
992014
38651
794232
24780
340488
773554
952906
466585
295388
848877
521483
657978
906852
508689
827683
1486
944711
548401
272375
855825
345556
214097
360227
346605
663014
347037
839561
112413
743005
72759
503824
94872
687351
523016
31684
967910
521172
341510
775026
645004
531289
117625
659446
9598
379792
818451
437122
886726
427383
497462
708732
952599
669406
498693
313749
752742
102646
963701
846042
237531
314633
581453
594049
541889
398986
558969
66884
560796
30317
561660
453766
237512
798203
273136
499496
621552
328643
722905
459514
510349
94028
254774
898418
596411
849702
837952
856017
89247
708112
328652
558030
151836
167394
169406
466170
288294
504828
812646
437250
827261
230478
274549
437831
115137
725280
360474
553213
226101
294896
960751
475456
9659
503708
755235
506498
46238
745157
320695
532349
689945
974808
834653
460005
13391
458046
350474
572333
67623
623330
568651
173091
91490
328853
31844
584167
392071
237492
329894
228051
958355
61268
699133
146327
187927
52402
824798
836163
275119
148214
519368
902160
461367
755977
451471
499790
434446
22211
936772
49692
649042
845191
792536
855016
550356
130593
287309
280526
91062
835850
703700
723970
350544
510877
719944
145841
294359
709707
666637
567371
228251
525349
309093
662305
90322
255480
645856
207824
266201
317469
626543
204810
805919
528349
159949
494505
880788
485645
538428
663017
105118
886080
470609
849527
28566
678772
972918
60075
394776
785122
599581
612018
639703
115736
422313
705110
540985
734857
395706
875275
273909
713240
480252
473950
133349
444661
563596
127277
568085
772824
139159
102984
147200
895228
96528
647168
433277
58051
459018
908233
102159
51281
910737
81135
620563
65733
395202
299306
946137
621171
309757
272110
95336
250813
688657
820627
888315
657338
87637
147300
933343
332199
627712
936340
897130
33835
839658
100056
421804
231323
198234
103570
378331
3367
658604
999607
631224
80949
954843
430124
388535
898101
876053
279798
693200
397441
483049
699896
922672
173656
746404
159046
638835
247532
328110
164993
771228
348967
724962
219919
357041
762129
193618
618145
73335
134394
607077
934754
510495
379975
844923
856226
648954
177110
428086
776489
384581
44401
680780
84763
742073
906557
499553
488964
128773
610632
570472
286859
150005
500280
397481
629448
697348
259680
362994
963013
242812
176343
402912
137250
620747
198535
180395
415056
5992
748244
798852
653298
41595
893776
653819
277504
825990
439455
474726
695488
885608
214332
792071
225181
857534
775979
330275
709290
102828
256970
26369
960933
791574
999594
95330
433300
723620
282947
642723
533212
941824
990655
199104
813752
322586
531991
18355
144265
223865
825652
587356
381292
549559
921770
645936
140399
491800
236305
329665
482877
945782
764454
496392
878353
714297
429359
847972
976440
868042
124224
944249
925566
691228
806200
634221
480173
499893
923610
974993
987344
340170
840715
826783
654063
567110
705396
423518
739207
161055
575791
477631
824448
356293
790457
648992
379748
951115
397805
730403
365190
410459
474355
773558
38837
239787
889519
479546
261963
263784
221786
142399
138399
753644
906801
891485
720765
649893
804185
200588
736659
798625
440231
49822
232840
30289
954140
772604
341603
300091
305215
735482
801769
814532
927831
194094
961
502281
546790
197630
900216
180160
813078
245597
844151
317240
44858
139758
831972
268690
899652
537808
94037
28402
683470
572211
915603
21902
349751
592870
67617
857299
727290
265109
124072
747647
723152
382839
772080
833300
308541
272246
39433
776331
672155
589572
595897
939343
162558
852402
210268
151231
899361
137598
425906
358071
31052
900175
333606
556964
700813
64007
521344
588898
175732
472861
260324
81366
906732
736542
805115
734701
68218
650346
210316
785280
148056
259140
780337
863786
846097
860677
980044
389612
969973
971231
864395
950677
395882
340185
815615
483519
799771
400952
423946
963107
325523
973471
511742
337167
938905
965820
494765
964995
814456
17958
828047
945201
479270
904532
321917
162358
224385
952054
491309
213301
566475
488239
102253
456124
622498
764354
989137
7367
541092
674180
681293
991081
496377
965418
696131
453763
395444
963053
665083
10087
549393
156524
132544
385645
92521
744954
492773
947315
749124
155637
752691
584949
352367
746909
607748
264597
591748
669398
344935
286044
130575
329188
855056
331000
787689
806383
746331
416366
939983
57034
572570
219137
502998
5034
54753
