82630
716928
819571
510849
962638
633740
419791
902043
278799
384434
381217
783156
919337
751417
478397
854263
670107
567317
878991
904391
42477
171001
360366
376052
550341
136575
398336
734132
909578
450723
448938
528666
103112
882191
457734
160481
288163
979638
631619
41041
179444
680953
153691
697990
878127
15287
195628
343049
896484
299973
199114
431134
193185
459267
56388
446236
651481
774378
206305
554453
386443
297602
253494
218228
623043
490968
131535
742198
138855
58712
712131
288882
448424
702350
33528
123926
434053
688440
371927
871719
849309
383046
82976
473212
946070
903593
566488
219457
681239
795355
251294
487726
539944
133393
181511
926936
260353
239413
556482
349628
587917
327530
309481
579996
397151
355454
528242
861821
706000
485550
376532
491293
988475
442008
687164
883671
786276
731130
76974
511061
937810
775110
248699
205643
902113
241221
330412
100384
501324
641925
953138
90907
870593
305723
383165
816368
147290
178066
661016
249041
241840
104672
835773
9707
736261
443807
523764
409745
468441
728057
93312
242869
937585
453774
471611
5906
167315
1044
18702
226260
327779
936245
791812
520582
771504
359113
369147
874181
905471
379330
858174
960587
312725
775952
584007
878037
401993
365804
193990
596864
288423
879626
949419
520887
96980
603398
203071
766365
121231
764735
627892
946798
369141
868436
986790
106838
847650
254574
406828
95252
273574
560672
848372
600074
991820
855379
991218
886831
896979
23282
483946
89332
420646
872158
400770
586151
220548
843672
748912
49054
210671
948275
135692
51639
686267
104827
269382
524464
989658
303897
30870
371123
141473
900362
220845
412034
584281
246726
969235
294183
532505
440029
835783
386335
35995
150943
38395
447345
144345
538882
818822
127967
387492
581157
949442
703108
232539
23026
287135
816507
145594
130474
940841
15432
619078
653220
237540
926988
437118
234169
57287
109726
183703
393603
585779
300537
795936
510516
224486
608126
92935
673560
208473
122442
586927
592150
544848
836082
521659
582854
108088
879566
199169
246349
910884
92078
515131
52572
801945
806602
649010
261848
772325
408305
309338
732906
886800
889998
537590
657931
537578
814630
986577
370787
902035
138479
978073
226015
193059
669052
411678
347373
160832
105923
932895
750755
183624
527479
842813
969668
318691
739673
935495
440130
44974
377272
578579
404531
762390
277867
44966
681330
292614
199993
448565
586144
100041
6192
343666
851922
43780
14698
492472
951505
633967
911049
389718
62123
496157
70280
660632
598981
264693
197503
779184
482367
153256
290304
431564
731330
614541
1146
345699
388228
319171
227402
798718
259165
837736
856087
976261
927465
588902
601215
499317
518379
963720
814658
556532
547611
200033
672296
496271
121010
680577
597993
456906
763422
639676
627885
743341
43611
171160
734481
724591
4093
920330
65756
489818
651484
938500
459237
598471
819371
330902
75908
803752
484635
262815
644134
868038
642376
290051
876057
374876
207374
662375
73380
716295
141538
246015
891016
6259
59269
29734
317815
703142
154780
142129
540142
812743
152121
26952
671598
295236
413041
559905
463146
30412
404572
344742
769143
980203
331341
869467
542031
425070
756110
645033
948250
539916
757372
51365
193342
881459
766909
278895
701230
920144
912318
992054
982189
825803
174824
527789
966097
753634
46114
619512
854555
591945
848463
773919
492079
918805
466456
703969
737774
931658
199178
553206
872205
379441
866775
194616
88143
974442
855271
930584
782130
554334
983701
961603
369553
263371
16577
586126
106663
48424
622651
257978
622692
91142
561278
183664
71650
520668
936773
215710
223180
110473
691471
954368
900068
813636
622945
481747
418759
769318
811039
807792
926808
911651
342448
489739
440538
327371
408518
894680
506342
806688
324784
229674
142967
757129
475857
411877
961613
819838
562231
91111
299149
874297
526523
678315
390845
721357
381316
385160
402526
164266
338021
924385
219466
655707
130742
824898
778448
3982
538887
245685
387621
570185
582212
920855
572355
87570
854446
917745
830032
649246
533389
153452
624982
442024
114932
127893
511155
357901
61424
104432
282113
523105
966951
457626
593837
278104
149520
19485
661313
387712
158962
115108
403610
811160
854061
490585
311446
716763
355811
844530
45188
125269
372064
909922
446659
585872
989367
849160
620081
710708
108946
579156
799346
240364
403769
259151
17154
217095
897102
135022
760429
339967
299735
180636
492312
424805
833216
675249
740724
549439
81519
206513
126699
362600
4067
962711
856751
751457
422921
919104
117087
76364
659507
960743
647893
191690
75945
16765
759442
890509
222472
526748
129863
182571
621059
566840
457762
832863
587971
836206
468195
527093
530589
243181
604737
539211
440543
846522
553851
73006
103316
197187
60271
254347
606235
210902
142831
193627
224377
425845
460919
982117
291865
756023
259606
948767
41784
960827
735766
858549
242652
687033
994160
820307
557926
941501
324204
528763
652835
981979
776822
122203
69986
840322
765964
754269
243851
102724
28634
648631
21661
672086
943454
165430
107017
588216
716658
352093
146304
240302
444640
643553
835331
423132
6685
34271
524595
676191
312982
243050
712360
840522
377282
398531
210827
290272
226025
737028
298598
807466
532469
148047
639158
29663
394395
656580
49342
269768
68001
881680
439218
297357
914054
548163
19252
550474
779881
305309
949187
79809
215411
672688
454054
581886
958551
584244
863300
276747
302837
492790
465504
857870
799598
366560
617903
659464
989563
814716
165447
777673
720663
242757
290403
580522
302983
470819
489166
794147
277355
799829
562771
18850
825270
867855
898783
647205
366868
850202
563319
163208
903959
597480
628615
613370
40046
26643
951170
457169
496738
738696
367935
532386
861764
598951
746633
570799
884517
302814
774424
326900
475129
582864
982705
481615
169372
933415
405186
658195
744862
986125
913470
651845
295681
327236
730650
993365
408934
687478
155309
327212
815843
255481
615274
451612
98267
811599
484833
57938
886285
962174
119591
662391
750247
413426
592560
32087
456346
925981
94088
447684
31945
691723
212003
869107
297506
343314
252314
224536
992991
478960
742191
216672
76406
942392
596697
134119
572957
909401
173666
104659
213822
34957
408245
716115
951194
24508
756375
88304
944386
764139
613365
994333
946457
280482
193951
319496
214532
193018
210623
767313
25825
83195
694108
448893
704811
630795
338844
471807
462627
823543
711706
775058
494205
825813
116105
703240
161922
561005
960050
941165
943681
152271
420806
400159
716801
104543
566639
675565
167566
663958
858887
846979
430481
958497
349580
477613
58012
197499
971159
56480
653974
679982
239295
630339
328003
781698
45920
714617
927177
822169
814213
184895
117550
979102
482194
842106
222811
705381
714195
237168
205242
690074
994149
66202
603498
897008
904896
328927
188983
197133
830760
955478
746724
904058
90353
892349
175866
713694
872634
821232
705702
10309
121603
936272
226383
159522
82047
100421
465106
587846
5502
93056
50576
440323
312948
536076
328952
919689
919735
945666
862115
568056
500611
589990
712612
622453
548418
615675
410957
971974
681745
10554
69624
142367
922408
402464
679464
550542
675488
78044
496886
796788
717091
795521
760419
176443
687043
438598
450517
106326
387915
795703
333573
279109
519987
11210
851884
241907
974856
483184
55318
686423
322180
798866
420091
762920
750856
76054
494718
681927
780303
802132
55081
506900
902648
195343
956045
458953
553234
104684
19196
287844
121502
428655
724610
661609
453039
974776
743264
842257
353545
703149
802693
647350
553531
982848
290268
740209
37284
987042
514755
248328
826310
932755
242611
583011
126761
527873
124350
209484
426708
547757
319303
569400
603858
872141
609714
769175
977512
334011
309741
544205
520089
476156
619049
375704
233536
490660
493655
356217
93806
754968
718302
510785
177039
600238
245216
239123
265511
875901
181607
688760
256191
706119
428959
955351
407286
573716
635529
227783
787495
414558
31807
326470
460975
35717
68592
170864
181306
717199
462658
391903
972800
867620
417039
407303
363845
936122
15414
59547
278591
360837
33550
753454
202614
166291
160269
252215
15662
894562
949090
98073
485
191748
263792
596918
13950
894562
900781
807961
176864
555705
117348
310531
494158
770070
616503
676847
43984
148499
673390
888213
962695
847063
761277
846796
536913
42833
534029
495903
135173
824650
152664
729599
970703
658769
463069
675135
569523
472920
189567
724206
929017
161179
906468
346055
395155
977864
489201
266958
19567
425001
206506
287758
37482
790063
893842
751029
990412
90643
413096
534906
854216
315480
277465
916291
184867
237366
593537
4660
936143
271280
996680
433258
199626
516017
591040
706362
640060
915076
427490
395661
440863
770829
155436
495403
588448
903879
111743
851712
349888
470295
749771
96179
474950
915298
576409
464315
910231
68029
606388
780123
115039
941021
480911
899197
327546
570835
734325
154626
758127
242076
21403
779105
327341
347471
371719
78305
520845
640465
261821
238385
574602
403188
172644
168738
260262
702547
668502
568804
199868
339405
79579
538993
22328
762460
711082
730675
146539
955268
535271
64941
442621
524869
124779
111394
430163
938024
876921
519592
226305
580392
369346
512070
38975
837647
86859
51260
273261
116434
474281
615500
867327
510686
967187
381552
162927
591225
770510
731178
901761
813069
685062
936171
711628
914206
726966
298132
764474
519958
891495
374771
731859
14772
761239
110441
173764
191578
277758
744200
508466
527035
162166
412798
57171
376520
260546
341295
280896
191334
641619
506832
549973
293639
933256
523404
270287
724348
234642
779807
690581
503115
635652
387457
907366
909161
254977
479007
565710
187473
757672
123535
925667
781528
845422
794186
425721
594122
324042
110258
228800
585657
74037
237928
518445
709168
455672
552835
89484
590356
580644
769543
857401
609124
251912
200786
861122
5119
132479
634631
707541
947707
94128
582936
490443
977172
716849
147280
67811
602938
814679
927944
947457
178455
725532
865134
369772
879491
949922
629248
886099
440974
3484
298992
243925
738985
676093
923232
982787
834850
437528
620393
631119
823618
90541
271794
40335
616473
131911
668660
964736
146521
321693
300804
527204
534544
251387
295595
198001
164947
954350
306625
389404
380865
930154
74124
270147
116625
641862
919707
66517
855231
556878
387254
631786
372825
330294
758048
568953
962744
730348
150203
836074
180876
28994
998651
128911
273104
621294
63141
665428
6424
983063
31794
830903
497042
716982
130833
244993
826750
709475
261425
278918
580731
862126
81608
123436
944715
672248
636811
991886
439019
259827
481088
312412
992111
492704
569634
270561
246329
484162
761287
644686
628630
856053
415210
20059
942570
458983
579834
527169
207299
176221
447099
860625
669869
667976
210539
203811
98091
549977
994813
414277
158120
456586
659491
941895
733242
582971
93532
756233
265233
617864
619727
535945
771783
965783
594703
859804
701874
274453
979263
344949
984826
332335
967926
104355
463924
755826
191790
353102
727877
351768
558183
219690
301493
930071
214650
625867
123245
535808
274118
80520
241960
264293
625185
572937
223315
314540
898736
177604
98995
368392
694169
878330
106061
853992
80487
691226
889773
503414
314491
239668
85424
493458
953229
126841
153906
706299
462403
478528
215973
676898
107066
654135
955699
984645
573475
103540
313959
88957
526512
934576
420879
638843
241796
578832
404399
998915
599899
830357
855794
863429
112970
147982
594681
575314
704859
449350
343537
480265
157421
926171
799014
26810
184325
596504
361010
818888
755907
330597
852393
85392
572530
454267
555895
666500
520615
842071
187837
276604
93066
203356
33240
664237
529441
609408
535150
517959
349227
136539
616796
6050
360929
42885
237547
136699
988417
702253
82098
511953
625583
274743
179066
224414
451036
375361
220407
434060
123497
348531
957780
745676
60085
125439
190239
245626
836570
352864
366387
526448
308133
11039
180274
655642
325561
379615
41180
333262
651101
319013
23803
147647
535321
763621
817430
20926
109091
977438
672910
750733
965938
841653
644728
728731
824756
170772
398902
58411
161016
398923
225535
266573
333222
984076
95348
498026
152558
