27154
355959
270519
604103
494795
544435
619517
870894
615121
870773
618008
723037
901759
366509
398416
953127
244902
104148
917458
70376
945219
905173
162509
206160
940509
39379
137571
652113
128349
776187
129719
200339
337494
861267
492424
861363
648193
935513
794782
604400
860852
979144
993689
824196
802188
465945
554618
452778
125391
51322
281089
981017
364472
960330
200663
742327
308246
767775
998684
172755
115368
822219
158863
372195
116328
184145
107304
915301
878236
816229
573981
23744
346223
399223
776027
222701
386769
268239
249490
989499
809938
873288
208215
839135
12507
18619
825274
495438
675545
789184
261798
906120
790550
289791
173807
293701
415466
485735
712003
216073
767465
128622
459088
198040
796015
869626
839744
375410
273526
964295
844627
729997
344264
273396
486340
398881
587148
351267
285501
28794
770958
407854
801584
897623
661682
578660
335595
710847
12798
823546
547943
503662
348647
624323
454082
100565
330044
723677
634999
40815
721124
861881
329599
203646
114094
912209
469868
333037
302944
617511
967572
897477
792330
562231
187010
790425
563191
137227
250941
2799
9548
741520
162643
207097
100758
415342
336448
598069
367998
383458
286681
86897
858448
695227
611932
571646
473497
625774
352431
406274
395741
476369
165789
901476
808506
403376
2586
967153
998911
126591
623095
462220
80909
252646
174607
13497
360695
287137
102992
445023
937346
306377
318907
255306
25678
207096
912404
310698
181174
370007
806413
561410
664975
809125
378975
410102
703658
102528
989983
409796
632779
687887
772226
872366
695553
332997
787644
576177
734517
265523
167035
977292
683953
296019
999988
88777
259516
666630
528463
50081
446388
790837
604770
521384
395543
615996
942410
507521
167615
299948
180319
11714
297878
733207
851278
192827
551215
514721
949418
352382
546485
793817
274758
152680
659726
39044
925611
469309
71333
721989
316964
712800
243378
209453
127885
365576
521013
749176
877948
101399
71993
352608
611844
116224
433389
71437
499498
60392
11824
326176
317856
603564
193016
978726
464996
607375
299421
661557
494972
266018
253724
203624
975006
785518
664231
733809
465568
292138
138265
777322
195426
872747
767724
804919
20903
134446
312109
118835
681962
791420
774346
282953
254782
384223
769375
20501
201094
839828
367098
517050
401383
437183
440264
797614
370495
491615
925883
270579
118966
327259
286952
125874
27588
722144
626787
783052
736353
861938
79723
690383
16349
127573
48181
76317
161870
846636
853644
717112
393173
423342
842366
777068
762144
962102
380957
246756
748558
322943
671842
293080
373837
707255
69039
71195
930988
547052
248616
947005
421762
471044
390716
251525
177
694466
170575
170791
923841
89275
778501
361778
157631
677917
205939
445205
52292
872618
629621
872733
39093
119434
212902
77728
341367
270284
430003
111848
792089
809129
837444
891676
31660
873161
23345
682239
576630
306517
404303
957895
525785
674374
806780
815981
648626
153890
625118
144378
454269
639777
752110
718659
96793
751238
229565
304228
598196
299153
438325
797771
309998
209241
916201
997595
633171
531273
641447
989567
660029
804941
65012
346974
327793
762571
891552
876597
753876
339668
645745
204173
578719
313132
298645
693567
539385
185495
82769
340465
930574
233132
621697
302608
881207
515508
192708
399364
820071
746739
384348
785810
217253
188188
427828
876259
221893
