65435
379161
311235
558578
479487
592128
573167
693248
972264
506922
201760
950601
510326
473738
991320
812319
820688
784288
834611
787412
746255
345924
666603
855419
308067
847531
335624
747944
306348
811202
167831
454772
880652
920059
772114
291360
907911
248803
733338
101322
84204
100550
551942
792053
796111
808065
624446
200746
555180
426123
325776
934502
28144
84630
193177
37774
845609
817666
412848
556652
448175
928348
92337
923149
66944
151160
217761
44960
702568
209414
241829
779260
380489
979108
251794
390894
936287
409274
649234
989183
720189
84990
577073
967935
750679
945312
877870
168318
321468
276472
769759
725555
447442
102349
40403
349065
876247
443013
230923
929989
606579
961191
567301
91136
830877
50708
702673
972476
171815
170379
966485
480189
773306
503376
660783
192451
820129
334985
625912
290223
217689
651484
486923
997783
759156
25717
996126
99337
962944
343441
440137
584352
772612
460540
236523
214504
223448
859981
295794
847596
800287
964359
274819
172682
67597
814426
742733
433893
973891
900561
638528
82861
897966
630880
179306
468039
30719
335694
347849
880968
360612
41398
638997
102398
123365
345901
992887
17174
934934
270605
308700
80665
438870
615653
840713
245009
913245
842837
685864
885542
770180
634452
222993
72253
660113
116105
472145
733450
973225
670007
308480
190667
882620
510004
607813
41239
354332
833706
62532
640175
614233
42780
985129
760297
895117
602473
371371
390626
679430
470966
860662
44404
159465
302448
707838
555545
851101
392384
16691
271913
716272
411160
165148
293062
17848
677626
844304
623281
522251
642787
729610
168720
677310
870346
790829
895546
426614
589118
87479
918656
120991
846006
212639
933256
865207
324362
573699
521482
914175
88265
487077
245289
821723
374198
300611
535501
720606
160494
231944
192846
654730
951295
790203
999225
184120
440860
340901
94503
361693
117960
690788
395701
434888
714774
207173
38032
201810
158973
529023
962265
109210
463179
135268
952846
600807
919764
641501
17447
302586
149409
240942
598945
89485
97404
85216
611313
564202
558645
124030
182678
660251
783028
259555
863093
460630
493777
232821
921087
984955
155089
869411
33654
563374
308626
294086
343175
747803
374219
865889
241678
122471
129091
695521
455215
329884
79662
415035
635611
242908
801953
673732
178864
49318
945476
674177
940578
979271
111858
940736
187398
348352
201801
143287
777639
566041
888743
254772
504953
461060
114189
383583
990583
757712
757038
589564
134567
339217
464291
889588
37773
378062
245576
797956
405580
243331
482706
616273
300461
204178
236064
120995
52200
303388
833521
759551
784669
991418
707435
834339
188967
887900
341552
891207
512942
879116
898482
831852
228747
362265
301572
801067
739547
174305
900782
432374
733382
539489
7168
904574
708378
237288
567254
955742
345474
281238
737022
213917
42700
319074
714512
709532
426765
143029
764669
18985
169237
585802
407392
179823
271658
549993
135589
732393
31176
327828
566431
748211
258528
737257
672173
10225
815884
148578
912271
163211
621296
780233
222096
756299
380507
918985
353202
818860
187502
158789
711159
292763
480848
607961
672892
520778
769714
498432
184412
104896
507553
216821
104384
375949
551288
745427
855392
629572
157113
587311
99344
676946
421773
761329
830415
673890
643213
144718
516396
291711
422600
872993
997506
841181
43960
396366
669310
37199
844682
188007
566417
322637
452208
969875
702863
966042
79668
152373
17593
235953
504990
994592
420646
723097
356798
156116
96069
839743
362150
351008
640689
452962
882803
545656
777792
347346
346615
858273
502331
446619
887857
103762
957234
194529
306494
410537
263124
457987
548728
576706
355728
596608
357978
916544
890762
938095
901499
358774
382214
467188
283016
423272
94177
10158
845328
844456
568100
233047
848692
172314
970813
993514
475484
401870
180620
659879
518332
657138
146051
893128
340369
959075
47455
473689
689333
319812
823571
808783
532396
6499
498758
889125
548582
665997
610008
248909
268073
756605
189679
282733
796310
362628
583452
373716
796143
358910
653441
852202
304406
317176
872034
632714
500563
823101
478602
578041
512128
490926
66462
900089
262473
98483
34913
921577
665194
347855
456580
712751
254490
493899
356174
729295
337507
500433
505302
109367
573451
713701
986808
315231
626829
10744
620805
660039
662941
153870
677134
447402
558316
527546
86480
710386
712056
479609
259379
631917
111953
891171
997708
260700
959848
987922
261018
470278
985038
919592
598087
54104
470873
192792
574711
279041
971049
369104
871468
463171
849829
999776
776149
151372
171549
59782
753189
265698
889491
493935
195976
413782
499752
370996
183254
152712
422733
987783
290931
141410
60375
410885
609487
936627
435247
798282
11895
532399
545224
67832
982748
573598
632245
137732
561948
930306
927861
801638
818444
662301
684395
918731
946784
717034
93709
467027
955459
755717
453770
265598
206378
186038
28174
789059
332056
627676
256981
541916
339104
897560
44403
616239
253433
469313
739047
501259
835421
894188
142204
184650
242912
430740
813941
599312
767458
123701
40318
974382
109864
228643
421942
843182
844260
220296
538790
198449
334954
293955
497869
811806
366485
443037
627877
179655
59388
608136
184859
190258
722305
181019
712237
385761
39441
929560
873470
391389
607000
751712
375781
430400
232995
210514
667436
6139
399224
234739
536015
813083
680966
186382
975507
486089
561595
445860
927138
948570
186382
331041
275089
402089
666850
511749
971849
732379
785275
205695
108806
714944
310286
791176
936089
587010
275944
707750
921152
949804
777
536806
639461
683363
220058
701730
85297
631586
69071
685951
278157
228412
281289
232220
364815
997865
477485
696320
142444
407006
245902
219527
682610
16637
110644
497589
480432
613886
939954
426508
462848
360389
892967
736851
965004
397955
469494
678581
870725
938409
31216
197356
589743
150809
559440
836138
918169
251155
361943
431600
711430
592798
758277
279604
562913
297717
336527
860334
296589
504267
694603
676015
328806
838515
81120
884419
217364
750597
106263
175179
340502
444994
764370
870739
129422
381985
601708
518250
669642
123837
537772
159948
713119
320748
384323
620499
957894
512117
7291
205697
17043
68459
964343
654782
26615
928920
465958
288135
1409
45450
414468
318334
113814
970939
90662
846875
724400
910876
383248
897213
524210
812373
846294
280007
523102
182997
238678
122701
83357
211036
322952
70808
345852
420683
946078
245341
262484
245963
986064
744315
976355
432693
724424
56358
124536
680698
991730
509764
976634
707836
302006
819733
146884
738789
511312
789805
473624
635419
72647
996402
941962
431134
433245
166544
404041
258346
444506
655558
897094
659485
583912
34489
808815
879696
351536
731231
206426
787927
647095
571697
685781
42976
712287
518265
592063
128489
845792
538350
826865
943287
566334
104376
964530
612181
478289
853292
182915
806933
879610
458498
836582
150403
841884
917834
720053
502166
462552
355591
397613
452172
743066
711375
103361
705071
940516
184630
864984
135166
618251
695351
784481
216536
369915
603442
841071
850478
378962
571316
983929
477726
216119
768870
294258
803006
112255
309999
88501
194096
81245
343464
549338
228855
893674
589357
410305
795876
994197
740679
535956
349349
287163
795223
870061
276841
779519
888264
791981
938474
518362
319783
559417
621854
872946
847322
291289
177089
686651
187445
752242
732440
654665
847074
31180
376001
423550
685147
499183
12148
990586
931021
395999
826193
919273
256092
717860
305781
503352
329296
321175
939464
802301
780809
973742
455006
134552
313658
575719
475702
557013
752028
714467
375234
225028
824910
715366
542229
413273
113880
279836
491551
564089
691851
792886
535721
593620
647221
499150
474396
947441
437530
134135
625726
968527
328749
234922
406562
761008
598564
774727
156610
20910
793495
412067
436963
888493
126792
503722
57325
871680
883423
195984
570237
932090
123652
19553
267944
189969
3279
770289
179360
351850
656871
770180
715249
796837
126558
895381
377240
750869
640366
264480
524758
465583
896208
551741
679256
555371
503868
964742
222978
109511
38177
381802
655206
259784
186685
175652
299448
767800
657198
796137
691301
326879
399541
312435
30792
42352
599890
746723
742479
894161
957887
438079
725966
627937
20165
173546
544922
605595
569211
664793
159973
406141
487652
670534
970764
25643
747015
181382
429394
640122
388641
499042
494169
857112
128847
374124
85476
134825
515250
891750
73260
263421
824231
691887
156026
985890
10326
107853
205582
283178
974507
409478
65091
576398
352246
522415
347819
66759
110174
239676
4861
76680
817412
119957
385361
699191
444675
3628
352555
549367
951309
577022
140221
942939
604166
47335
504722
14315
272505
35963
965961
999414
804806
741975
704510
269848
69010
277747
988876
199297
173492
544804
171484
599948
408711
447480
341535
871714
691483
70461
217348
532480
582888
33536
564029
723359
550188
51070
309470
983744
101043
909119
80557
116875
475086
617462
174013
659075
488893
221973
665737
567954
928046
206287
803935
454042
891180
226747
379112
229020
991395
626372
242739
763993
44138
336294
295577
559687
264591
435180
255174
78120
32686
919357
470815
381279
171030
498003
266307
970600
527043
396685
60366
960598
491126
985189
515526
936335
519907
141943
240415
411995
342376
804244
26201
848101
279575
237678
618397
356321
230162
346381
978590
322302
137526
665452
581122
740697
450665
294077
709253
129518
615960
630236
170519
669875
987709
892538
213110
192743
122838
903918
849436
290104
472148
250370
747721
485633
136112
282629
113638
105676
110055
286053
727560
676113
333027
918405
708335
95703
113571
806099
133627
845376
612472
352787
184770
565299
863417
694446
902528
588611
776205
602731
557473
577169
776299
11253
975034
972547
98315
963429
266836
879290
853342
668218
353753
732119
283371
436206
164147
330096
289069
95674
509050
65494
950534
454677
766563
225110
922032
792415
906403
533507
45193
525455
877959
832298
430623
427529
557990
100519
133371
775286
330403
248089
634602
682739
692094
308347
194319
395980
369051
789908
785475
815808
722757
119178
972437
115511
276229
17882
791511
824553
330064
664698
383036
422595
527148
276142
586059
3283
732977
474208
428449
123183
337435
276867
134211
418609
142000
91174
696992
496177
187825
384943
970641
246598
719369
824669
721442
978778
178421
589577
97114
230063
225377
435977
483052
921367
868150
930865
846038
381262
910956
446790
355823
360950
442037
282869
343900
333396
894435
113837
538309
987131
831841
361480
469340
396443
311547
353847
855636
182325
67335
468980
741224
980275
126794
571827
823121
692523
124265
436361
489061
349314
444536
139250
344850
106310
450758
101218
475558
52526
348574
308180
93474
18212
62014
786319
697058
657836
63497
683281
842025
971334
949532
765334
61022
726482
312545
365208
98037
43484
283204
777813
130256
902172
122742
615994
674221
363805
769819
110451
689172
840844
584200
903342
348626
159170
311488
545526
682977
564968
464851
146122
976828
649539
853134
483690
702002
777016
290327
564808
750119
484972
480739
206212
789543
446856
824467
611289
357222
633008
167979
736063
128083
702566
388713
787764
849050
190894
369610
480180
59877
609304
978512
506866
493214
380833
990180
407831
592169
505810
363118
739708
482401
142880
840786
392756
485791
861793
486168
491957
445747
958096
848886
401502
681118
220592
304205
910542
299907
317193
155069
802506
135375
224507
971336
491724
755826
907414
152460
731909
235807
451149
411312
587386
67204
474579
250695
783586
248339
384587
422490
806159
77242
306445
54489
702482
53246
142567
207815
230186
645392
614539
316022
609364
100396
443698
926256
22214
509848
90145
282977
482988
85090
571720
142294
461968
577775
481818
87349
399778
763223
287217
38308
651661
615321
546348
930905
136973
157908
540339
883098
845416
438059
559830
49006
231409
179845
955702
657257
885719
861767
520528
607516
668064
914077
94903
949233
209061
588349
225942
360506
192152
361951
805887
714519
976998
369855
365987
294122
987621
976998
795086
750952
7520
202170
874220
916762
805624
279971
688145
519144
852570
267976
885545
391576
399546
779263
244310
633929
567018
216469
516044
629682
697833
155459
978897
6425
834431
361276
58582
915956
297741
882393
537751
552660
563974
739655
376016
562217
233087
5871
612930
148799
475342
312384
97301
470264
851541
552512
349747
209368
223833
340741
224714
838053
869854
493861
659797
44402
24617
660328
908322
451931
322510
367649
928886
190383
809269
693144
413505
109832
78008
765276
776200
60534
124161
561975
66836
97682
358566
647849
669729
106999
336482
733331
290645
179701
442505
516425
242253
300737
705756
535356
432718
388851
600103
288806
818791
2694
246142
260407
339110
305685
113680
112115
90591
614189
687140
884853
79059
697895
687652
460854
648831
574383
255473
778229
985189
836843
919334
416221
846719
928912
653411
387038
568877
391796
995498
579216
568631
158148
706586
923749
945439
248676
627092
728628
957793
793002
32764
853786
839750
441040
74020
824734
408052
334536
235599
409551
483566
575329
23514
645028
388311
777470
901033
261649
324909
783339
162022
17325
541503
579427
737638
804875
866351
17775
782228
692727
991643
961368
785311
642898
319219
666794
138889
794627
843386
976057
52384
266825
344788
100131
348993
327413
656923
745222
870583
569081
700796
914475
533862
858580
701340
239375
568102
33825
535118
83661
573083
714479
145896
131695
430328
200719
660705
639479
338521
84231
925071
851174
290030
354403
913366
942702
141943
495463
142955
803232
325921
265717
122235
569555
682237
299408
244267
385525
545061
706787
858750
868141
986483
233479
786883
66968
752812
821276
558050
871424
711614
76353
69774
759292
345117
598219
979921
410463
749107
745194
334522
355367
233917
578267
783181
481391
848266
453343
449494
524777
807351
988382
384399
155578
793784
126962
537095
165195
709137
78857
166672
49819
813008
866393
889038
831092
415989
629620
698060
274260
874319
256224
469893
355740
62720
58720
368863
511356
974679
297320
726376
327602
403689
300894
337626
735455
648096
680319
93561
273812
596178
457876
676188
693062
806363
364996
793118
863607
507524
501473
295582
791099
626415
53218
656841
900625
66155
915301
978622
971272
209718
208698
83732
702748
847568
349358
285664
841996
535886
640842
767458
434420
244874
517179
86677
744014
532178
802542
119467
916639
118738
512407
72504
122503
217858
597149
991308
766960
91530
730254
642661
216766
104870
452007
756489
843596
534094
795916
303876
333649
196225
836152
914347
313206
298728
312482
792696
811892
970243
899670
418686
899710
137036
84293
704152
112993
92070
786381
104864
939645
426262
374024
307585
211326
559543
639843
752854
176761
287746
581852
156077
358913
222759
869787
369772
629215
645051
7867
482050
563564
72895
131505
324367
146956
501673
532094
215867
585908
123703
746964
715091
413076
723613
486817
59520
638434
654759
497862
182791
349841
983693
718513
385242
920524
443226
574822
573278
786162
685098
980378
415776
392228
247867
37874
278012
917120
548464
65271
356555
403574
15156
278194
40765
592809
867287
120782
479334
489658
218896
230335
863603
11889
32138
548140
440829
453201
787720
32833
694031
762434
104696
322043
895071
325531
841321
766339
289738
983191
686670
80168
123487
535319
194776
898425
318159
384781
613970
608086
315709
921354
605392
983847
749840
190592
84651
96274
465371
22182
529028
560207
521669
108578
420476
74154
155866
800148
503334
31096
951351
901058
240819
108563
961494
242291
350644
987657
809597
430770
628886
529934
319474
588148
823403
714922
533897
157223
502451
72760
630970
962293
595062
800511
230802
228446
300686
91644
428487
249652
547529
556783
553186
244473
614672
141023
319863
411106
534334
998137
615714
104298
460510
929973
661734
955516
216030
377368
659842
829631
670672
51954
593745
465
621459
153402
507985
102888
602719
444028
881766
928849
720640
448129
884552
823413
950184
399671
804099
478638
393710
308158
438137
339583
469912
196560
517422
45339
767810
925877
458361
903392
511635
499809
845686
615720
242874
299167
914128
289379
740087
574962
73548
781350
790481
262890
924982
756333
209034
598996
964249
718678
225990
116577
801588
933283
826276
967144
802579
70056
547127
161092
354350
361981
647971
561465
752610
480426
494876
844774
141894
890654
861717
580166
798151
423918
638069
3700
672508
396606
375064
599348
911028
714014
648894
802625
886210
287115
877064
70353
199970
384092
991357
778523
401326
711633
218929
827088
79743
139368
730668
997689
216816
232605
122572
754576
552851
669378
503327
481201
756561
964981
158534
808972
187932
600288
162901
97293
322191
274645
122845
273798
406641
844993
210946
982476
850252
336312
322613
6682
533056
885188
840091
479064
102685
407644
297316
187269
569237
370412
586297
101708
596267
571467
919932
646479
643066
705398
439038
636646
788046
143876
566718
10305
286814
371491
179951
118791
316403
765343
820081
835921
37292
959101
949748
745661
804509
541634
403077
393645
356225
132830
844268
101630
146534
387051
611294
139184
113937
359044
365383
904025
745511
409301
440296
439647
330228
246206
697917
274302
316201
952888
510432
599335
743370
86537
584389
372920
919495
13681
890646
891584
676722
533263
915598
388181
670777
578024
272671
173007
618840
655916
346648
421259
826119
283688
125541
911532
727232
287571
504827
138809
791667
675053
179715
977401
390936
341852
334447
110457
436195
599594
889359
805568
317362
353024
693426
733203
846405
435243
105992
403414
860129
530938
120226
508153
817789
127489
545036
847307
665095
234527
792665
546333
259684
733559
421799
330208
235743
861664
284956
143336
245756
569746
245869
722179
897343
208716
934332
253319
747087
794856
279387
863865
355901
970591
570643
191099
768361
459138
727237
630732
637923
76715
579615
732289
492701
773871
575822
936513
283019
73246
783571
259532
363137
272296
397186
58529
14659
396343
994269
65551
173194
209167
2272
317339
338046
599791
27724
807573
3848
96435
550284
898821
564405
34051
337959
793023
237379
151963
389320
784661
162140
839642
390112
254532
702181
289587
605946
716806
597206
508450
522490
305780
856066
542291
738762
153883
190048
896405
165625
670319
253252
724714
162232
895301
522781
75959
336242
257294
605985
51046
885393
640254
220814
718568
17734
105026
314862
776163
655645
148642
585032
485333
893692
559681
365465
814688
190522
418297
892613
326752
233391
107175
642906
353236
550918
533214
970455
321953
287002
104242
451311
766328
564942
284856
70165
974046
413708
987511
598331
725939
402378
227750
8004
771507
231351
684912
657895
753686
416324
356488
76822
132932
345552
780464
115780
914573
498381
985179
188071
276920
940839
976154
343628
875864
383429
892686
60382
378523
927026
289647
336393
990352
567601
861204
386433
700235
258811
318526
902484
880929
267667
440846
952800
119809
844670
519109
321875
565219
435808
766709
564507
833071
816676
903153
935447
205978
902388
565902
442250
371414
44270
850507
560935
230857
711093
229766
172455
316720
312676
107910
778224
346272
807369
259693
881051
850208
993286
213214
666738
592515
463235
323588
811411
820412
927936
6771
800083
547632
122535
797742
966739
603340
566534
915695
747432
566183
423770
322723
172728
274609
695192
539851
220010
360434
36422
520779
824356
893521
132610
391043
993215
409152
90327
942528
57433
292133
32104
16470
533366
325367
121145
456382
388263
633290
412213
391340
500152
148518
273915
654745
747153
558959
421556
559470
677684
212232
987434
987001
632655
941218
550118
56777
559962
313316
351907
699386
389028
883117
554525
785104
783939
65861
264162
611128
814987
504219
448519
59300
897129
748547
820911
86941
930350
713112
177992
926285
384835
518322
861962
918518
98554
604322
174922
50409
306734
421758
101625
358508
602046
501527
853474
365328
247278
861306
367733
94143
940669
845645
79252
820413
440925
81434
567367
104677
52825
31959
108660
254543
27699
760181
985080
42102
556790
661654
481435
721542
561968
698047
619391
352983
716663
674958
269320
11768
827436
374811
750893
630414
514096
470094
848328
366968
65792
151527
781827
763158
791682
964300
126489
726762
598329
168930
431474
418838
858942
878677
127096
79653
69453
533911
469244
750545
78228
687615
369575
649756
717571
525068
227430
520156
537814
954598
605437
275501
172182
47469
129108
893949
338006
326238
350589
728586
774543
602938
528391
137816
786738
662815
556994
121832
177503
976925
73657
830988
540081
909240
877937
566444
423793
518252
48070
162256
356312
246404
867732
918392
15671
993160
171464
179425
780572
211305
67830
26832
105914
96785
322817
380847
97217
310690
46502
748292
487225
686662
536953
328600
536847
95030
271553
771351
258895
406583
604605
20224
699427
87472
683867
948690
854403
447915
286420
958722
26629
210177
993028
46295
694927
978937
428853
392492
712401
722175
995110
703245
849022
496188
496933
822253
929170
656832
324473
688646
605166
998150
800991
277745
60234
296721
540364
440233
847306
514174
874238
205011
966650
707765
258146
294769
669220
898093
257011
630362
827219
382703
48357
31798
943205
214064
996276
240195
301443
699614
644379
98468
587854
907592
552965
506303
424862
529712
56658
28252
99275
976547
180287
760223
588939
601563
114634
916631
882978
197744
52661
33887
272460
887420
944529
136393
247755
931212
818579
971770
503564
40507
99724
404008
381026
46340
106361
749370
134384
55335
92626
303333
446478
789248
708487
115477
899408
286832
178408
230978
598991
341949
674998
627015
480036
502822
433838
819728
791698
892085
386261
988543
560270
452033
711609
378661
747750
141980
745627
66535
957623
889175
554972
861098
400296
146442
134491
367699
814071
431862
179926
798838
131622
932552
861569
557618
981081
906712
850307
973526
615905
914945
451102
354581
254030
69075
225067
604742
616071
935317
278381
325986
638317
290070
549027
178319
107875
699355
607413
574264
322297
10062
516056
129734
736486
461939
815430
924361
657933
594084
487756
398769
553977
773864
729631
67626
394295
544376
546834
363261
828171
645238
387246
23647
479529
668125
812621
115615
425900
89795
206464
546854
315305
779995
245171
302766
921978
590635
449524
809170
974066
548433
899660
77238
346429
699674
830990
752243
732946
867035
121502
434337
654265
542510
822481
116771
272969
956454
26608
409633
350167
288133
932987
903730
203341
489747
206917
704957
78341
738668
978760
397574
675140
196984
836279
602118
807903
722580
36662
467741
692301
520175
482076
490546
353200
334258
617923
868740
576128
656488
224725
27492
490209
254890
918581
965097
795986
884614
343325
397218
649666
410201
985728
76188
97086
979512
964281
838453
185022
459886
790769
121115
125832
908371
885615
720657
592976
758390
624107
374952
555976
195594
287253
476023
109763
560302
766306
288862
204329
504193
235664
268719
588606
332579
445750
397083
809023
473055
41445
593116
259080
536430
409270
525497
885792
874295
433193
94001
507182
520036
754817
318167
897599
708509
680952
323338
469279
593487
492401
148966
874680
34245
130127
927786
461955
148694
253843
627467
441061
383084
368107
428846
862546
538016
565391
556682
326881
52376
190360
156269
254804
811365
433954
342834
766496
491360
435277
872047
68967
2783
156738
397921
512192
768295
923751
803715
57216
907910
993192
82292
837406
607784
984474
22679
398944
408009
665960
556064
849349
710731
389262
471049
361914
591506
748356
723309
36316
353414
160740
62384
945391
556370
68255
337010
557674
864373
803423
336934
224059
837197
645606
521039
371383
852055
508030
655538
144656
326172
646014
811240
842650
574713
29912
274476
673488
977693
574077
488824
706079
747972
185930
970616
674620
863382
741571
473961
621059
358194
695241
986474
913384
464729
