20671
713012
360949
541211
932313
510569
681109
551213
617537
921779
236139
818970
243858
36837
975597
864794
255843
428459
241810
435255
109596
307193
685925
152466
227164
287514
566862
640413
434261
314521
372800
999910
807955
206926
197533
549876
532529
584920
900192
362283
590060
903955
291965
967790
127750
596958
704709
694155
487327
831299
711201
373578
394020
24224
335694
167548
566895
152357
368638
947437
197945
535063
625290
230922
256869
845307
367824
411402
633371
81694
309737
424840
681946
993089
754814
207770
575923
779810
520974
935983
827415
539474
343535
528305
475424
183495
898910
570631
412482
111313
137709
811680
123803
228224
922146
950664
862445
691643
11205
671683
566133
56536
735142
149386
849908
635296
662693
423019
573070
675002
339773
84600
98428
194637
55181
375855
103932
872475
19639
174262
938346
820952
999796
192086
856345
410149
216225
996440
195997
478140
652770
390233
468689
453460
289749
5544
809288
10885
762505
124825
800120
999695
933906
418810
658824
315879
119402
592756
552558
843601
75961
458690
536023
236333
828663
431758
599851
784202
801783
800498
371913
244841
529261
735163
44442
744494
619840
755754
728921
212685
299365
890723
181831
284604
966686
34045
157217
632213
694193
915846
594571
468725
186434
66420
624841
732704
788695
70537
564630
596922
721692
261215
44672
389783
861525
583048
668367
676768
572888
961959
838581
879849
66196
533900
351784
586433
391899
913739
228995
219615
754821
529899
98864
967904
211027
530820
101220
859116
317112
520767
481391
995410
576836
788912
626505
78732
744386
155614
161368
366396
577960
251624
351941
57196
197161
380247
459663
205940
800320
67945
642188
156346
805774
848749
493409
414485
556458
349233
700107
691345
873004
520601
475338
183120
956246
164597
483823
646928
120557
690442
298008
16823
786820
754569
381949
752816
439483
35084
351086
785462
164151
263231
58493
935943
869411
948062
507137
503862
976468
431030
46068
186449
387389
231654
146850
106174
909262
55339
719802
553474
267837
830045
662500
992372
995518
652877
710376
468364
770521
201002
654249
813533
386729
326732
760179
506646
241253
892091
81948
909481
679196
55014
687266
61064
391102
127540
839679
249564
463257
500928
134023
36356
600786
446918
779915
749875
600659
153406
305721
879156
362526
106055
763428
645810
950965
637481
590836
475922
641494
423210
284836
313484
485
498210
117774
633468
863725
459730
140631
996066
497242
546707
495867
130832
925340
696902
912859
529334
836014
109998
838186
747700
625755
945026
640872
74100
952753
667919
936481
67177
66184
713413
770900
580405
940081
87120
804019
112477
200760
807668
598834
758052
262440
913559
587595
23101
411876
459029
228135
393587
62841
363057
729965
514552
316873
701123
624991
90965
854343
695319
125582
717769
969772
250286
453302
885574
885487
839102
715218
513848
254280
491134
482038
182843
262942
602840
520674
724100
480261
284080
555079
828100
556092
861882
962921
71085
109808
527917
409931
661414
25302
74569
106838
423705
592442
58579
571163
587495
928491
153438
645980
665740
534365
884742
636180
23907
831757
465939
166295
973427
920208
656598
835026
577827
485533
199922
840044
269491
749336
184246
761488
643747
588165
703889
11377
899152
747709
395908
778718
982461
646734
754083
807541
24388
718989
347427
925757
908500
81567
548200
611349
960379
114543
943193
725732
357528
94248
498871
264594
437199
569210
402356
554648
679813
6969
771482
615908
852248
382265
584819
697628
597199
21274
685992
882169
887395
410534
832840
857894
379194
335863
787415
947252
443618
686591
131594
16273
506022
721129
987330
52843
208585
772493
379954
55322
622671
590357
293041
830964
839876
241577
236803
223505
22496
164121
627047
321060
228349
90561
134038
770788
578755
462563
587675
970289
510689
227469
467143
26805
41528
891280
724014
279609
932380
452032
264510
916662
626185
424210
414216
403141
687672
203015
788459
278150
265501
672386
383883
274302
917116
881951
615782
283135
164095
658018
496575
247292
975540
69902
155413
697548
617815
184855
318597
773348
768629
925107
195650
650039
711044
15249
23802
903112
223277
725999
899603
283496
483771
987157
305424
354225
284769
261517
515010
460919
901792
61818
878956
497464
833602
611632
148626
212890
783389
308711
749755
550067
76164
484079
81467
140769
990710
824470
61749
75638
771882
913428
423572
787650
265496
804685
426870
321620
912007
264612
18302
931423
571780
123140
34559
122509
720257
56227
393388
443528
168749
153811
225074
547122
488682
810325
149686
40197
274638
900753
219376
872107
445254
240603
721548
584629
16909
881783
138616
935487
57123
551511
61235
394668
627302
719547
716297
532934
306864
648718
671443
456530
554365
988476
720899
859806
362052
313247
874006
398962
216195
541794
63685
466631
154244
406971
170528
796115
953189
978079
826623
723857
932789
537786
497081
505897
347205
435104
763074
250975
397577
769373
563352
836746
555889
798160
413287
884473
381159
572140
558065
108264
163715
29028
126902
31325
492995
862692
673498
299455
330553
75195
439318
77578
534674
896475
24034
483480
759098
722024
150309
979650
505562
513811
770929
36890
673372
210587
462826
767902
503397
350257
401055
871141
537429
320793
654187
138812
772487
880663
362388
861568
115725
685651
63362
650263
497612
890365
354576
863235
565736
149415
361683
309426
890647
540454
394100
746841
104252
761355
365121
447113
464627
392541
686742
875293
169926
775963
632114
808873
722808
749374
323465
591402
337616
129646
441153
438100
188167
460295
337651
779087
286626
771167
514584
329036
76381
217745
527527
455701
90400
426197
38920
741563
289669
358135
615399
131307
555033
971790
837124
962047
141170
461748
528303
132482
923553
399767
389325
278632
977746
257492
516063
961186
100686
854804
771755
864665
169483
761635
696126
137343
962979
929842
356356
99265
230307
277912
566764
678153
793278
270894
297760
983498
406419
568069
72021
759163
279227
265395
423316
896993
495232
907734
314705
888009
659998
989709
85819
690427
837960
59286
504895
712146
558552
518676
229838
742727
359057
270962
513994
13918
99395
379954
510534
974285
78674
713160
978856
298675
827617
43014
166872
498551
713500
76589
866548
222478
293387
795695
893144
174534
195930
387197
915634
168499
290188
967111
799241
253507
490298
201631
625930
744322
659009
702604
171115
567714
451754
597865
225200
77695
810624
197249
837373
289489
398611
511949
497046
173556
425690
228235
704886
37723
360979
75718
647291
351108
594026
166656
981185
657879
817745
427407
746038
386921
680166
619609
195480
23727
43687
96065
806228
688782
784592
430031
787899
565748
117101
220729
145068
767170
150285
204456
705462
767935
323242
821854
839334
820067
991025
635776
23925
976942
502263
236195
485872
827539
690025
712410
689319
241156
230732
525015
448848
779390
182798
41643
84681
882510
274314
860564
560113
769554
676880
837389
799520
578533
17061
999411
835398
929339
775186
541444
906811
763163
679061
367709
162146
554369
98496
990350
887815
412367
48446
955234
258346
428595
633817
805487
209351
111482
425926
10971
791065
705576
688793
754212
630401
449320
989825
253671
314942
89805
838949
89467
812719
693459
795760
658029
597650
507221
528778
195090
793548
864594
907355
223732
110654
840327
803921
614907
482410
340916
922519
880931
551742
714868
721008
465199
960540
997889
358749
625140
438885
898311
430875
864530
697200
411751
433764
942908
834370
248249
925061
833550
958731
390154
816695
402354
776606
273675
56861
686069
630184
343530
726594
705138
970028
915128
140773
992854
607568
862666
843164
795853
739839
54399
517208
605597
850315
349365
688833
191586
647451
617875
614013
286572
777052
385197
10047
272596
679583
400715
771005
199138
573275
105546
481554
793782
790541
379367
610054
178592
20297
670748
907203
895544
583283
282965
471306
278434
951006
413729
231181
728250
384532
917401
573785
994845
154419
904334
822687
93583
954648
332390
19903
81469
71576
447464
508079
362826
587009
126930
18372
340167
894183
183354
231093
749597
803272
160431
243716
839458
508904
643867
362294
904381
303957
898640
246557
122862
845933
317239
502398
376182
687652
371393
583368
191463
303354
642560
432001
219279
348205
825732
307423
311834
924078
371486
690709
132308
66858
460980
489204
578954
689779
880905
951390
38028
112495
882405
979007
139379
416989
219729
999022
725709
858739
970413
256506
205771
205201
557815
702299
55586
821145
828929
781433
953985
871216
876489
966638
818836
324742
415644
994894
327674
109213
643276
37398
128913
107236
440431
295217
287565
865503
303734
931162
118545
743008
891245
352324
309762
235998
379978
453794
234970
910676
261686
802646
205307
948208
456362
434271
319584
907825
414542
316268
183613
674360
972037
351026
670454
323652
313914
668232
648762
476482
564298
225168
846064
911438
785998
592499
363785
597059
757754
640959
47429
327535
768051
819359
514866
649678
126135
133681
191594
717300
509149
527134
97896
91539
518733
228838
528662
513163
929961
78383
340153
797309
501021
868826
30567
500710
750485
384497
638308
606600
465073
837079
725594
182476
658322
440028
679391
672625
319013
299911
230574
76651
170868
947886
657851
796226
640167
80148
841292
873964
376876
680661
111895
818475
389922
157263
7538
226815
351280
548642
2771
209783
741613
917436
526201
497710
878573
263135
294372
481044
628553
152803
272641
215888
666473
743349
265732
101839
971991
247032
172191
138212
219457
57091
316656
310250
188624
800034
775904
559304
174595
221355
543175
679709
283784
727713
898838
365319
944172
506175
322948
784333
74203
131979
506311
664476
669133
54459
87330
421859
200120
607933
612692
211484
835783
123644
166018
251619
635162
642146
998075
640391
472892
666564
278174
185478
287694
173658
873624
37487
689878
168512
405224
15915
572249
658454
954036
243103
103553
733264
906349
226485
172526
516371
826933
637353
666997
256293
950290
368544
283153
175211
946191
188536
630174
559644
733713
495079
364235
802223
74945
57674
473152
260190
819653
896053
279764
316092
91077
496621
433103
337794
910929
647843
356402
737008
322424
897465
965177
189206
586883
479188
38682
485512
227247
927516
904609
894836
330218
631269
583988
105522
408798
792511
279274
402505
998786
12239
442786
279030
221162
746808
629817
845781
93262
169409
54601
447783
324959
869687
629984
215329
666552
21502
592598
251860
429127
8574
359904
68420
388859
648588
750564
263543
529431
478613
29767
296620
980412
819872
722773
850511
653355
195831
330963
738623
39999
282108
818934
73133
35451
323124
581248
500101
631826
700264
278226
784286
313099
618125
547222
19076
948307
482835
42607
386428
313620
364864
722064
686634
370089
770306
660425
437851
598774
26981
79399
103578
382837
261775
272499
477926
100380
622070
35155
837625
450663
39763
726032
287967
642438
305207
528442
898470
400996
340863
991813
132111
169333
594779
312548
237926
268160
780995
555025
202971
111664
472160
201643
408346
984794
932556
134384
710925
60327
13951
229885
766721
400143
995274
273250
944953
17029
274404
428766
922276
1498
342708
413889
600178
227977
688790
610342
225035
161851
251818
677150
285099
362959
350361
10015
750674
749371
958083
26313
393032
973570
516035
460102
496029
93605
607948
693973
165134
887577
225735
131812
981024
993694
67993
617297
712575
110234
794683
535478
50582
44599
472870
573609
623734
386773
268373
544513
403976
34498
903879
959039
367524
698176
927520
857993
774235
970657
247220
678619
544887
1507
624440
352867
35663
236043
680289
912363
31375
770076
777281
117705
638580
235013
171451
591167
1089
863112
765547
151197
47310
952626
292365
258667
173822
419164
850680
981452
332644
421742
187927
432024
985654
221494
230012
95777
297556
572363
810088
471507
581193
880999
311442
767705
228955
869879
275336
807999
432608
283568
278247
592685
159135
67429
403124
126822
854143
812204
324659
112187
162163
744065
291431
5486
979585
698144
909504
11135
643163
959403
215339
63981
457234
590302
749183
496481
295688
598123
209188
571279
287584
926298
577445
952861
93040
886584
493057
104174
839488
709656
421445
810390
373514
947526
43381
32719
271594
264307
807426
322675
159088
294348
370997
692335
215683
786379
347965
208454
502789
474843
975239
707312
552731
875431
975073
258019
664513
449779
415133
222639
655346
476816
546814
88897
160480
48172
249958
413554
13838
795805
501695
86559
116685
296132
558320
854092
797149
423268
4709
975589
724001
129621
623249
367715
28629
983855
493440
947259
549099
32386
184439
254929
697653
806335
917548
54137
306304
299176
733874
893919
680064
239867
833326
110694
373339
14472
49491
454743
856219
416382
767325
733112
604451
731094
231859
129093
541240
182511
321355
667213
996192
78781
226097
80705
702611
152782
241085
362034
155294
768024
604344
408507
468037
281790
411138
533598
848897
612818
253469
31691
968308
548499
841444
477382
866002
832709
450935
919169
15822
203671
684563
749698
828136
495473
186750
53555
616276
13843
128230
85057
818199
317188
264203
112903
442186
491343
912620
36608
964726
207068
103029
162801
252803
570905
742406
659878
912335
637142
154387
732023
521380
604216
622543
230555
248332
322921
373685
700638
17421
963214
442650
946776
343726
429008
814915
257944
425709
603400
961312
375595
605951
861969
757418
129370
504311
400820
795309
169254
36156
185401
26162
687049
608557
109199
787832
835438
377050
911920
445415
745640
102802
927831
669420
622426
806758
289816
827900
824930
812558
459282
650146
678189
444929
682298
330075
719397
414681
901312
309856
888260
406696
948589
722967
55210
610135
929500
972158
215476
16062
590553
7473
95776
652390
956950
789395
475984
269643
389040
381033
800639
331102
993920
375262
564375
261749
208615
263567
560970
523741
468982
161101
825315
900044
256599
557777
863811
414502
991828
317992
830466
521806
362519
21787
856161
89452
880612
646116
285448
200489
707379
853816
756736
839100
200235
88278
172769
219590
664574
683107
565090
354081
892442
50378
360848
199095
231468
832637
374916
796120
864381
616440
438253
945659
722597
490004
604752
936721
247389
170559
798460
730233
673748
920757
461999
460297
686567
754377
245563
873827
833560
169142
840170
734157
433724
809625
675264
649853
970297
508303
513918
274275
378618
556738
582823
488114
319471
704194
522342
259772
791755
297963
260623
919358
61746
918111
586082
489373
444901
84117
917672
13715
378908
684167
199991
828773
900090
448264
614405
961888
127820
644590
194683
535209
148985
31421
893417
953806
711330
326106
215272
711556
880220
228239
527323
691830
985408
987549
380101
973394
69685
319972
282527
145261
498356
165081
651449
930976
182777
656961
985017
978683
402935
807541
761674
329426
939766
311754
714972
768879
395892
318634
960008
734953
723707
535800
942697
401916
12431
982760
923907
938413
818179
525877
609882
6967
952281
835917
253965
562991
651271
833363
701283
478214
104487
874292
311198
977467
45866
866819
187289
323082
992203
389075
544001
761221
257043
969606
466174
961598
1910
896817
674848
302813
847342
577067
250726
226702
289970
764073
612495
855220
603595
240378
286802
95014
455758
993177
960716
265985
744344
900718
864697
821341
904116
616370
262002
585323
14040
207437
996546
290978
467973
91034
164236
976027
516976
677144
95215
865058
410114
191814
782212
674303
563223
87348
866748
579067
835596
237824
574798
204130
517782
954979
845884
507175
720425
702901
645124
714495
885184
931781
855572
490740
66001
885030
536560
582003
568596
235433
310854
80475
879567
222208
769526
426037
535495
182270
672549
5550
531020
449348
359722
334948
235391
502818
964666
360073
926144
648379
645884
232815
393145
236449
807696
847176
342754
207059
926629
531812
864772
214695
22535
340329
910541
854583
19505
260542
454078
692985
377822
820194
545536
246469
225415
572164
45814
606591
166304
131758
316783
333635
793365
522905
356074
150753
86687
237626
940248
341035
397935
277789
523757
84241
90881
345136
523202
556688
926829
589817
815466
640268
133196
407992
524635
760967
480922
593423
320091
543226
457217
130626
715926
809919
547269
760151
260191
298264
279088
250860
365329
266225
442143
837859
616560
923986
749018
367573
337008
397890
601210
731192
284246
160362
380735
320070
755559
489505
767449
553665
572918
970270
812670
627310
153922
372273
774283
605233
794857
36488
311710
556338
96188
456111
541370
401413
569112
437251
919650
39394
379450
181582
224402
790951
855645
83181
992647
183079
683126
981457
247558
676612
870859
739014
993306
576920
728560
997753
914780
32736
392702
43080
478047
330990
144934
623447
260915
341899
190547
37573
339095
308302
298410
819071
535059
767165
966650
943212
815681
135629
131027
137486
185699
640840
823672
570821
140113
309400
488710
541764
526955
26521
917730
541606
121155
309060
691481
463941
996829
1016
792539
832408
95607
208482
193052
867921
402403
722275
405501
113458
606449
241739
371754
860972
313456
125244
709567
224217
859396
500873
471178
610954
919372
78343
945099
396223
905656
709702
204075
844910
296726
434505
728913
238154
979785
227624
442615
973556
517683
976361
180886
770653
469879
269445
801521
886796
425918
376374
376391
884215
156206
858043
259317
448050
698272
60773
231476
586285
437816
851722
657594
995807
76280
354105
340963
6489
578109
809156
914807
671851
161811
435882
829714
936258
376058
783564
600726
4077
123659
63103
923617
84247
36208
262515
949840
865755
753697
539603
453079
943515
599158
904558
912294
441452
34939
957142
19694
189789
596563
798782
448166
75922
983089
218948
636926
657858
281614
551621
438389
105048
614088
141353
718069
653365
53762
233859
977046
902638
399186
991925
598608
444964
42044
89697
934241
740875
353777
550225
26918
328587
926779
719601
533466
737009
98515
679456
486074
611109
695708
589650
743663
817768
937116
673053
799561
222756
960141
974805
982882
64169
566482
989109
676673
994273
952966
90045
164609
904790
573209
743515
752002
34562
331489
654191
671515
662310
749903
962084
732321
896332
743433
184079
855973
199520
682808
37594
709243
972077
703896
691166
289088
627746
62750
835787
984919
440554
164198
40142
760679
820643
220367
533835
410710
546893
709593
293173
594219
942121
994093
815139
462386
647327
510615
107595
807193
39797
732349
703380
72700
357842
572696
55510
251612
295748
107648
765760
781580
737707
202030
360496
34858
648928
602234
684034
855369
324402
138746
366632
354588
342695
659120
918613
705560
835815
932010
505977
66776
293753
494062
129578
466053
600316
597360
328641
101864
29942
455224
940136
578879
849475
965290
824455
416225
836145
211665
626354
482228
199125
454028
516480
942547
552030
454958
537748
13581
800464
624173
903751
401958
586881
354474
428289
526941
716340
224422
674773
591408
856520
121761
77888
161744
766816
767707
606814
872969
528505
231642
234649
839189
274067
940555
299216
576022
249800
92486
312139
360813
871857
867357
524431
298390
470602
224583
570513
106047
883454
918348
772447
378564
386376
729544
217769
778845
748894
843439
21960
681402
440905
976258
905764
537531
731153
802836
558814
71013
606639
171669
303336
895795
911947
162846
335966
462924
479506
677587
683987
530480
762173
649504
15671
216862
619944
564276
604555
199740
873703
535816
841128
438473
719531
968327
872902
889051
45443
44546
746082
699799
881462
159689
91937
510410
569707
182551
711412
565783
199334
601353
302948
397817
458258
555950
578841
932632
673794
309326
290132
550947
90084
445612
300737
333803
405197
576415
347345
432349
511149
510579
209997
866627
818993
329551
987211
330016
984228
994191
939790
69200
581509
617080
833760
866373
300505
178241
453770
848586
679438
403494
393973
951736
797364
350628
395661
36242
390386
763837
955337
423460
525297
702632
751720
479170
728670
827662
448989
839184
597257
916
942613
42000
241255
8142
525542
489169
281203
347543
413120
191065
779555
581959
996472
857644
995600
540353
993000
939127
716749
579294
113487
213487
642534
484417
172185
573855
646571
159311
353429
542013
94829
757759
169813
206698
883161
70462
966480
982057
607123
895072
22502
672757
128575
644997
461729
988998
432065
397121
741675
187099
768767
817952
379545
805086
190230
310030
421742
357121
290427
384994
563615
502876
844201
743625
377973
945779
195909
856214
871849
966971
598589
382225
845045
819391
929864
354366
493397
245294
945091
516452
518733
141510
473390
12817
727526
381967
353867
558406
823818
2003
997293
935167
273986
608921
818609
641325
596423
63479
972334
553220
637739
623954
936372
371385
14702
193134
314154
108833
227828
341465
236789
671581
471213
912136
279172
992040
27470
660496
198263
686666
500024
653266
822076
833494
419263
794988
509157
473669
307421
489769
781427
423718
750400
542810
577701
26705
736375
711024
577523
660827
481366
229748
7813
249474
627385
651469
599953
189839
744088
782683
250967
349054
628476
923209
446384
954390
893703
732281
882039
575832
411657
859279
644447
120681
261831
397123
948093
101850
867166
465659
866480
240322
689379
715792
625847
404636
593289
489483
570209
433008
258218
234295
148067
256038
985927
36408
187995
247174
953833
543486
753025
564251
488323
755060
1621
827633
590381
197501
59322
54781
608077
591316
270083
593908
813686
80858
217973
726180
607617
830636
251542
818718
666921
181247
782376
336476
503605
370078
248304
479651
350941
504766
920312
605659
626872
269918
796418
317153
784912
398970
816763
889877
500257
253291
357102
347700
351411
317334
961952
635922
858769
42393
867081
513892
934999
217515
727286
366561
958258
77539
593331
231938
920920
499344
481860
243823
434453
21082
842754
613640
122948
916661
496347
915308
954489
626294
480986
808373
277090
410965
642116
809502
896065
302695
196718
903488
640903
37724
376487
196568
241359
498160
672606
621540
383602
893605
977824
311202
113356
534513
313457
122839
165472
246305
921854
953768
671348
357990
119017
291303
245512
150492
255630
669885
113766
107891
559499
930654
711141
589638
303130
30355
984099
932001
640660
445225
79883
806420
8645
905201
350172
686728
521702
745848
965730
969490
116641
681352
686124
150721
350968
795011
268303
861688
686715
42962
189984
638314
312137
796178
348495
451001
813333
886372
6990
591933
678191
377797
986260
673309
47113
321405
683641
978451
623055
346147
69011
65203
28935
552119
363434
295208
558210
673727
55109
733539
838442
593815
848017
435428
186773
31961
713993
811827
575981
472529
706302
984228
561981
10680
853486
800607
849879
153184
738599
383934
975112
430461
663571
265095
475103
322937
330223
791143
378465
692905
411674
121001
816185
306174
756136
987633
974236
466018
894726
905719
430070
889521
664488
470043
463085
780141
320347
652197
656106
374374
76641
239443
183678
270268
874487
954769
437630
536278
821419
918125
897125
203775
70662
773268
448940
497442
577722
869272
431621
720085
378852
977494
669309
25173
892126
771495
315757
188700
242691
759404
121222
903697
313439
452945
319799
774825
158269
379663
825997
138653
780788
389295
41742
381753
599436
325168
138355
93989
449036
368291
774856
724559
947183
514232
921851
888138
19871
356105
822756
855119
679991
860143
7269
442420
220723
221988
265331
894023
66398
195178
644113
451743
686799
45088
56937
321540
550305
238081
158053
930345
225353
489019
106929
133422
561902
886900
77934
584117
987119
849737
114668
113189
843955
974191
568536
270977
571321
196210
380496
830095
349359
887837
737075
765205
808919
495833
265391
10123
434607
261296
148741
546851
458437
974116
800381
788220
219468
23207
100610
166040
173579
675442
905323
358853
754867
968886
395525
440576
770053
782755
735048
256042
616224
726924
943072
363221
423759
320881
558945
321414
686023
422613
192914
372549
419909
150192
246945
308627
432158
781237
613890
160151
997501
355269
587123
469012
23050
240932
892171
709857
288635
302013
307246
889702
492937
54380
80091
29079
276873
833636
892819
477513
546880
318118
276291
837528
128168
699102
699536
661704
682951
428765
627831
241577
312423
840809
114955
884110
973554
130903
482036
614882
446285
219346
731732
723646
826345
692961
178602
979087
536766
583088
259636
262094
802001
339749
676472
691735
251526
546447
571115
835566
906039
336272
654649
984572
989034
528084
719050
683972
812890
864833
6201
110908
454258
456374
97453
565640
860892
848315
697705
374339
339984
759116
954219
504386
511297
899093
285271
119389
232832
391202
308621
57063
556588
163854
486949
354985
373027
608647
441850
133232
774441
454167
562193
872905
654311
2811
834085
677482
922334
123627
68293
737341
78290
510889
57605
538192
916567
344433
627946
551888
7828
786622
167429
520092
919673
172040
765107
183547
568227
845489
260645
274592
275937
406533
68658
582078
731126
22517
861500
170450
436656
460555
741455
91455
892011
484341
349562
967848
184281
84043
629094
489926
414595
8829
578772
825618
630038
184015
879531
410963
17530
814581
742886
471849
822207
870539
346546
389218
371383
566251
994107
726622
605725
150024
836395
376160
586319
446950
907705
69626
9510
961474
353806
915245
906989
993722
700283
252860
54776
489800
87083
591570
993634
348453
648200
479310
613389
208097
809160
192715
213299
746168
998024
167972
295977
364376
627830
170300
942565
452060
507162
630312
491879
453117
204552
619316
646601
653837
846696
841429
606618
9886
320697
935816
946269
56301
693060
227152
561449
302270
707497
750444
448873
770244
192971
199812
149256
96003
97040
255165
243963
705156
737898
745907
561420
160616
111205
889668
7174
112044
89150
847813
832349
726299
831071
998021
528486
52565
84602
886298
638786
107310
635367
433247
766092
559915
612317
687364
735039
907212
889810
795901
953435
449001
315363
341027
566843
527999
805950
520734
755286
166100
280303
265382
91932
136695
72077
595214
511701
260484
759072
409991
730320
215388
294332
245716
650113
426604
46072
149446
298494
810311
721719
938404
589553
152033
244375
966328
993148
575810
691945
953120
842654
640918
528417
69991
725515
16066
603468
785054
911395
167864
632186
857917
613575
215868
866209
460780
992671
840471
226870
487745
643149
299653
274815
31493
471629
98001
262078
991723
594785
456575
70207
906655
470011
957720
679423
636771
374041
723932
688553
429159
553111
637828
769517
471508
70999
666858
66914
679241
113612
770145
748435
912714
919880
645560
962861
264347
618647
472166
940881
925767
960958
255261
458547
473150
294554
13306
327278
991991
152616
819624
320731
961912
484400
124808
622783
273770
467430
228703
876667
557274
247504
968122
138633
718273
534829
731538
139263
853691
232991
713732
604499
617380
989929
911128
621913
965123
954469
657276
888609
983264
126816
827096
373778
487370
528806
653105
435730
696704
375550
320050
183213
124631
865580
494985
734428
586713
188095
