759026
775199
68067
332942
879902
891584
341308
768518
795860
172638
253394
31673
325948
657739
51228
153302
379093
545446
26111
850655
233679
635675
2156
661681
183190
354602
431115
235752
100711
270079
430381
500557
210945
454423
133173
278822
58719
182593
841890
333720
151050
227220
692263
632852
556507
864757
3720
848793
381818
624157
286922
364777
943031
266072
442997
572793
447253
346376
962435
838644
972291
79048
132655
75136
957454
85299
215608
330040
324795
851185
314338
46349
713431
601061
753784
1336
128216
629350
898775
18930
822100
752779
857288
693990
236799
294927
415003
18438
946751
705078
813531
610122
729302
508470
728015
333098
387498
392670
950103
213404
665455
78392
378324
479965
80626
777749
840439
946398
423743
552750
571710
861329
670161
103013
718458
527816
790032
886695
862185
250663
570617
842206
280020
8237
946017
852904
385094
907469
735555
661531
456207
146330
995073
773554
399402
59837
322128
144749
625151
992035
895220
947718
281562
647618
133858
386349
90261
121599
467760
787660
97015
357190
900365
701862
501717
824940
702951
821241
68486
641661
80272
712296
204433
179209
368434
993161
961442
330854
442369
35480
105225
692324
118695
645242
107
666214
268979
620109
431265
879525
42326
823828
266922
48810
412748
92640
21347
851497
237063
897925
531980
595289
258141
266260
772339
570840
659371
461124
375603
590881
2267
812238
149545
666987
882514
422908
354582
521636
177433
560723
708463
80785
26085
938172
61251
548721
930308
309462
806054
893328
339560
140467
814169
4488
93618
77128
743960
388347
473641
498988
807324
981814
290067
950728
806975
296179
752621
682216
140135
466228
951745
640362
901381
350876
982640
522033
98984
732520
915107
698756
632838
180656
248504
292565
925753
768011
67929
517975
47179
587522
788165
844682
671706
602297
941586
862296
918046
431290
462640
665013
663110
374676
520547
448498
336258
479791
314764
60217
53677
517991
777942
333167
725034
612278
896535
552814
927372
899598
277774
96479
958776
848326
172932
986511
934688
72500
518321
461199
833593
311449
131972
48610
624537
129046
10475
559277
932778
339695
727000
205784
935975
199113
534354
765279
960972
812913
323866
383174
922688
901793
139013
405263
897494
781720
550832
736416
68706
742385
844508
206937
236793
379939
716520
735475
693737
757701
444172
703020
691888
19270
652654
629228
59812
94988
295373
976977
318495
640466
786424
751752
5302
864534
834540
369578
113946
152327
662052
571764
122512
778287
830516
365257
190421
227651
820386
743593
658109
581172
162135
267917
87325
760806
457758
597516
673576
264386
318228
641418
692927
979173
731590
601972
539253
317023
266955
849458
625836
319857
885850
415220
752021
376865
159215
508993
157154
916772
224786
813791
76948
667915
427002
461108
875970
447316
714822
195274
47449
306937
104612
431515
272649
193997
550853
13717
893663
248579
530805
234273
850873
94174
960564
865681
485743
534604
268579
87975
744449
821977
258202
600439
374456
580919
75944
175004
593845
798928
936368
622359
97355
44170
785892
280213
652487
944761
753869
948014
836227
365586
467024
846879
586578
819568
251771
48520
895496
724164
943548
470252
602627
244039
303273
884340
114628
114356
949848
379624
838428
295065
630308
899775
680600
266610
422192
256239
83398
406580
917774
794509
432446
91095
919171
973855
38490
52073
363943
680304
243969
347850
385663
765519
649344
33088
95167
501556
966488
735314
20825
981953
737853
152525
472266
386019
911749
989555
54935
765608
727199
99543
980084
935245
558877
583288
631147
922064
993329
616651
175099
51009
591462
454527
216571
162583
850794
160689
738749
151301
847603
317424
554240
728837
991148
944277
208673
606072
657027
748734
290829
598259
906182
281438
774514
193903
837698
622982
264254
894768
601221
806462
477838
440246
148169
951889
849979
774211
533611
841132
442293
165747
951195
385352
961354
174372
809042
657686
926300
312952
403348
563519
927057
860887
254241
711203
112736
956655
319248
317541
968260
687027
340218
804886
861075
383176
366260
12917
373873
452538
154987
510704
331793
331437
124806
96599
383567
338009
514753
25034
990986
112389
39738
261863
706020
902865
223704
267525
418035
231417
496464
992664
308784
831525
454297
938054
435672
172242
537394
723872
685991
831051
34338
168769
439763
170490
687296
555243
945608
937133
308637
597498
469519
595908
862394
908522
834188
977351
321525
316569
999898
423490
798488
608613
605172
527271
687256
795255
792016
623993
334073
79267
791789
276521
772165
892868
158747
159248
361831
437397
161735
279759
433219
852971
411179
620391
493363
335174
237261
264507
320904
93747
7123
577836
525786
238224
939153
772827
425874
726286
188673
34856
438816
803607
492338
208985
260403
408128
89292
871232
590533
980419
867773
715803
303198
888767
816072
325818
680436
728761
418273
407373
169100
334130
700843
146758
790794
330261
634499
342439
170950
474926
589560
391249
710645
50448
868839
90712
863242
554160
895430
815860
851553
870696
356004
300626
266691
86111
195311
943101
464250
207530
744958
795691
728546
705388
676241
354849
695154
47353
15935
267448
585927
749983
774342
752685
427929
498094
415759
295254
786964
994557
892330
952138
696758
855974
880988
635393
797429
855353
494157
284213
176676
703414
365526
802227
613998
597203
903321
870513
747123
629959
574995
250898
517484
921838
386024
594378
267331
297798
351600
235804
10405
30104
767848
6754
948115
189043
652366
513357
733558
165195
48287
411724
146615
377203
972597
364342
17394
920596
927611
798743
675853
423050
9707
573534
470028
65114
780633
957568
550412
228847
244747
6944
51914
862820
719444
305511
606360
13799
263927
90844
974736
432675
738018
438890
442078
137513
319818
170634
573807
97676
633035
607405
173986
832300
526616
176886
133813
670555
536787
68177
446921
427621
177584
176685
158505
317198
591059
801335
773766
573453
597701
58704
913865
4278
986548
568113
522131
237783
671925
36519
28376
809293
630103
349915
698909
143564
819083
830483
522161
291527
344065
748770
688280
663645
961218
89346
377002
747958
755254
745118
272952
166754
319929
695521
926263
883577
445834
503715
205690
816013
422202
738800
51700
932217
202841
414015
205723
168861
218331
22605
149696
677925
29974
75178
495032
683668
716791
954000
758122
559193
432658
25973
60658
829165
164089
614661
472882
220671
840151
605918
193212
848884
474782
731750
14402
699080
140410
309383
11528
887014
156971
9312
227083
9522
71879
19983
768608
262090
72049
374810
910836
118991
174191
680988
785560
156257
518937
536677
274545
282378
227301
248380
683189
77044
253408
594230
287836
59558
511319
583895
399116
3597
985352
858358
263844
962971
668806
354253
17914
924320
889217
958440
103905
920421
260207
714975
470650
434656
678336
55593
853512
568284
673315
665360
812692
648133
375494
26882
643174
210759
415297
664338
361688
532105
277312
843313
46714
270379
828770
217917
532443
664135
624546
352213
897193
330849
855295
180850
313283
630155
992570
500204
52993
739417
722742
585398
365753
923156
282562
910602
597471
839500
802850
781140
762294
273817
914221
383401
13259
969563
171759
356922
941624
690240
603157
626083
845795
220833
42678
150235
77250
2405
94461
844696
725538
982623
885810
555516
650419
19253
7782
977801
260222
754224
101304
864205
86324
530066
896936
451740
497705
98709
938741
34501
791267
870539
608201
830515
830267
470646
627700
748444
848034
624942
621642
324993
687311
746044
481983
472940
396620
259669
78252
367108
189516
896822
508914
381814
255147
722110
898546
764483
712510
594384
49374
365633
629720
890268
63409
918558
932982
495253
356432
163004
141194
367733
670723
191309
129077
537737
444818
800526
383390
813367
441000
690115
213057
308979
816966
560020
30684
311762
949806
461827
954551
737723
810181
715834
270234
994362
832697
997110
845186
823211
967839
934633
721979
103140
757708
650203
950079
96725
968110
668584
178745
302176
517359
9519
540589
265486
34100
62605
532290
917892
697166
6146
586903
252200
904715
588653
701455
664127
171895
251552
493885
172369
298929
705410
471237
539795
629553
313798
153486
109545
686122
37775
926563
840598
423660
538695
383199
79683
592702
623803
255181
18475
59283
570620
339572
64704
516628
416474
268015
55300
501337
187956
81716
769392
653183
317535
59523
197203
702580
572613
812913
913748
948774
599295
675557
812674
78126
533399
319749
857946
787801
981164
28269
183495
792472
617691
294542
101968
89571
645552
520864
317656
387862
898723
352485
732292
356925
180877
326873
141536
634067
9526
198605
546221
850715
18486
281639
688818
584650
141561
135272
842226
372306
561617
398085
473797
853657
753085
668817
196428
547164
901844
55064
677553
518398
457616
298936
864475
810487
81723
900520
631508
530296
85443
88550
706846
472234
57506
826596
536771
804234
994289
743725
18868
486837
687390
155208
240314
398540
300410
934186
449348
324088
864161
374811
693841
540905
197055
190462
635140
278821
53245
843554
527227
741708
207816
407172
426606
342755
268408
350964
768151
256410
725405
326105
120406
358269
807122
287257
63355
241434
973941
671570
650579
202244
386785
280622
473008
343582
567285
306040
177885
713250
734946
546949
324867
317746
774617
925978
734447
780522
617829
490383
1347
277637
400434
555996
709902
980360
650987
956551
788085
994695
1324
344165
806810
308790
864294
289665
902563
273954
335115
339679
393471
608593
510627
753940
906091
450580
592799
434916
405757
4670
519774
554547
307408
188950
691276
248614
194228
704670
459906
242456
308151
198249
25334
285606
714820
38249
880188
232427
659883
574063
310677
669692
186079
766628
726783
796770
989252
113795
556185
996096
343123
891839
738377
924420
267674
444118
835400
263624
545883
872270
377570
636626
470621
761961
81145
7917
12798
831105
51057
351086
636932
794533
256854
747522
31215
966555
407480
533821
906758
976794
281794
420821
329583
112090
760126
652879
855307
274655
325347
161812
431992
956974
357107
329332
862409
636391
283150
645640
712080
918515
412975
202658
154130
874908
684966
694960
328776
724571
934860
716242
109848
206325
668263
429483
356195
585435
855144
28070
709172
464015
336261
678545
86230
265961
399199
826988
442926
868487
198794
182189
932357
710665
299405
85949
73934
920604
910351
46479
89523
351106
560841
655490
269958
712432
650366
728015
181390
616719
841600
636264
64530
178584
160177
10989
52760
305311
680161
172785
566967
636350
393400
527450
659344
554229
184275
735910
612719
9143
289325
143285
462319
958209
643758
839316
634406
528136
830800
979267
963846
63668
522619
524133
273070
923924
429868
620833
619777
766480
100766
682954
262721
80966
276054
245522
521539
620472
948551
665258
207865
426337
614811
365787
819760
368429
228201
277900
588904
633180
905481
595867
264496
943532
512923
328509
276997
688607
471422
507340
852013
706217
877590
772172
909337
389245
679855
928885
846386
709628
992035
387989
425853
990799
429730
382749
473038
260569
103429
657420
227112
688050
27634
639333
619311
504786
121660
625136
724050
413791
988145
847018
214561
815550
292382
555581
418081
264422
670531
570898
612062
291337
780940
706269
340238
919226
924773
122942
525123
936473
560871
896723
357294
296750
984367
421610
41541
26682
522493
731499
528283
371312
742346
812078
581712
374699
315221
644018
988666
13
161482
925235
607774
48107
361060
597213
997497
617143
648805
712684
461527
183026
402728
349905
30691
319943
970182
688001
527646
831502
636917
847051
416159
957864
281871
712407
25960
896
631592
3527
954555
411096
250157
736572
210445
144296
620561
294031
392434
119913
800205
92081
262791
850820
759859
372407
975572
823066
49491
123927
202253
990657
95633
177828
511564
254331
978721
876494
693606
124009
551254
690408
995628
528487
790266
588732
261986
252094
125757
361902
760162
925174
740300
320407
65574
442773
355456
361378
731145
980081
432345
849333
194224
878157
178404
903963
465258
857537
518593
43651
566049
337101
685057
927723
848984
489832
182287
92871
946488
468015
353022
984896
924572
223482
350298
922892
791732
315795
715401
988655
882198
30774
870310
5187
794452
615613
62120
649356
370004
174813
449341
42232
88672
441763
27902
242210
834331
490053
338420
528392
686409
510031
774860
542404
113488
882614
491981
542796
373698
686010
955128
538644
910017
891166
572987
411064
625866
324029
574052
254784
39804
338968
115728
763009
324763
921182
69451
232395
38807
968617
829339
972702
387060
247260
48983
429006
601490
873035
177582
706717
912890
578781
642108
84318
889984
824602
973610
836351
640917
943083
60373
228879
376663
702941
326780
899027
299609
279305
672104
545421
301133
838091
46910
928409
986543
544988
775436
664967
542636
592342
554625
940339
617394
444609
855898
455261
510800
536993
12835
228646
615107
945736
495301
250187
668575
686139
312271
289457
86990
361347
994933
952078
834927
615990
540833
268186
78334
909345
976039
461956
715038
976068
256720
773122
163359
781697
57906
831500
215407
306422
791374
687372
605586
440585
371853
403319
2964
373978
485275
674513
500865
557318
382656
266007
338020
535088
719651
294280
133534
37301
559972
880046
208652
193958
612205
925602
229396
148575
231632
215908
234162
824330
479911
128394
250868
106010
496563
826242
133568
63324
497002
544188
447684
378691
650790
440553
101558
902442
261387
466801
292870
672019
413202
658278
11828
6420
810757
658731
787502
208413
572647
471536
644036
385678
395557
353121
367080
638398
796396
912422
581643
211431
41238
935926
729768
243229
866669
758637
320982
747840
381170
642387
706400
242716
580118
247208
35652
67062
82375
723091
333438
586035
519127
89347
440001
930306
989346
247990
939346
441819
203268
217567
149975
860713
823701
534037
805897
990444
542090
306966
643274
570391
323702
376981
134511
521935
239535
988964
156616
335172
644892
50262
935234
446221
244091
351925
304336
720496
186539
687298
326941
513516
833056
213084
599489
213318
56649
487024
794935
684406
811493
490295
120711
318312
91653
539338
422574
166706
463966
471171
354784
346076
7716
212240
219487
931961
629786
906940
387268
79289
175217
272186
871422
16366
339908
507417
959604
180769
827498
231291
147864
770417
967736
492801
516719
977412
382401
372059
669779
730540
212364
786568
53677
512666
834946
163139
593935
554344
429569
224359
88263
423752
689918
657388
737307
240808
802863
919668
242572
860899
618255
877883
135437
865953
214029
641914
12482
797506
413309
833675
362046
75770
70952
789477
896461
481854
627561
32072
941673
828900
77095
790278
368951
783917
167117
444118
12805
233469
327687
812753
557926
573071
252648
619845
225645
366479
282337
441631
651291
492569
365377
499416
257782
593834
798242
815430
14907
598309
764774
596012
783444
178226
175375
268153
186085
84291
560343
998997
594000
959070
57623
760693
307401
200935
806369
30470
154839
488918
126454
841820
75706
878650
955534
473074
65716
604398
982606
747456
756406
370633
262767
134829
98041
257984
253533
540734
528645
743956
803629
919589
127910
884841
520690
737221
454978
218688
575425
646067
889974
937044
607603
307263
137555
666280
892367
598124
312614
147064
35605
110004
153616
573336
695843
822295
806547
49766
597807
239881
322151
235344
669025
559890
609877
531180
797756
966895
914176
217132
988787
571398
63762
336839
398636
251182
791332
233130
880209
272262
516693
661292
220133
734726
491384
502350
270463
234977
898982
358527
127274
822222
597524
862710
556964
597575
925774
352970
971152
498023
687331
304365
131256
697559
43398
211771
968885
429077
190122
141682
436850
435605
288895
363117
263746
920619
468635
623554
682146
121097
341010
750763
897580
42900
843946
471901
306167
406389
567522
472678
326379
610012
695129
335780
303052
314944
329363
943409
146282
980528
107881
116608
76525
657271
286546
964553
270351
500763
522591
418567
836029
995829
463622
604350
939417
968547
677098
381063
166224
945805
319811
26962
131274
679618
573484
889499
847517
89471
285479
712198
440362
455166
880737
260064
608116
794058
933070
499215
993814
290232
678803
73327
567389
460759
375218
847226
337239
671626
549047
125779
621558
729081
465935
532084
568903
266515
507331
451706
284880
165575
292800
430197
212977
634520
988740
778233
758678
16988
226591
465938
366215
680912
751491
35194
426969
584810
624918
425381
987720
288430
141860
747720
752518
226776
830976
260569
61795
740218
58394
111752
922978
700249
853708
537316
244106
766059
768731
328621
433789
33463
361600
430923
116959
452239
693786
300309
747172
247644
394152
445401
510239
35074
787666
535697
987039
535202
883952
593754
941541
877002
592027
55
575752
439053
137437
714238
284370
387269
571671
886522
732928
203946
862779
148907
837400
278688
476910
772560
305138
973397
758344
805987
679983
425020
50705
245723
671282
321662
259832
604625
160975
58742
573093
155331
504416
603924
407928
258836
799512
301109
977113
491940
664809
995274
282887
599761
485335
797035
697706
746540
326522
328367
976978
371598
412630
768897
594383
307043
974739
777373
965285
492010
131091
829841
692218
537135
873076
908655
116580
32845
831419
933592
992769
183143
348856
516621
346941
757643
112226
667901
306765
210829
818818
115788
727328
717027
939841
792734
219718
783557
874201
576710
892827
197682
852174
169712
675168
90461
976124
892824
736664
285247
824922
656108
723761
970992
596911
30964
587353
516232
176246
293684
831291
4580
85712
259998
933628
52306
664999
798590
888994
698681
94985
456473
433447
756730
663291
350955
792953
77261
841128
726729
235702
609556
590827
648911
933851
88620
234858
872384
91599
137954
827851
317251
785348
692123
900267
927512
216860
552613
419894
547222
420339
759364
566083
519126
896798
257420
104891
625112
623409
159779
97138
445689
863226
430046
276535
788851
621587
66150
606588
301976
594843
417807
465787
861561
601146
7141
760705
988883
232055
650647
496820
220687
655806
17718
988268
919687
607293
964981
351482
62767
338217
281617
28129
73313
144127
365520
756141
3130
501053
849983
251426
366529
715527
18897
628559
184222
586389
841523
225158
936557
837887
415522
245603
207620
143400
851876
138141
118081
470560
872448
505738
590881
110382
803526
730208
677797
855329
601034
749236
781521
53655
266140
710147
903173
867185
647419
276670
250090
577618
217195
303472
186890
138189
182659
866690
165888
890051
492379
381185
220722
731148
528018
272814
788918
517030
547807
580265
917336
985468
451544
96944
103923
831126
414675
313487
842406
458369
503308
826640
797209
60426
491366
469264
963186
499413
771889
367231
783093
481701
616226
796396
94929
371704
625679
470893
821960
633640
724174
536597
940645
705414
564327
480749
864437
9487
131156
763588
806779
742776
903911
501109
864981
635760
799200
589186
89610
422265
685147
945161
