add:	3308
3308	1	16
3308	1	16
add:	4050
4050	2	16
3308	2	16
add:	4066
4066	3	16
3308	3	16
remove:
4066	3	16
3308	3	16
remove:
4050	2	16
4050	2	16
remove:
3308	1	16
4066	1	16
No more data to remove!!!
No more data to remove!!!
add:	3581
3581	1	16
3581	1	16
add:	2577
2577	2	16
3581	2	16
remove:
2577	2	16
3581	2	16
add:	2615
2615	2	16
2577	2	16
remove:
2615	2	16
2577	2	16
remove:
3581	1	16
2615	1	16
add:	4340
4340	1	16
4340	1	16
add:	645
645	2	16
4340	2	16
add:	3365
3365	3	16
4340	3	16
add:	1934
1934	4	16
4340	4	16
remove:
1934	4	16
4340	4	16
remove:
3365	3	16
645	3	16
add:	1141
1141	3	16
3365	3	16
add:	1220
1220	4	16
3365	4	16
add:	58
58	5	16
3365	5	16
add:	2159
2159	6	16
3365	6	16
remove:
2159	6	16
3365	6	16
add:	2266
2266	6	16
1934	6	16
add:	2705
2705	7	16
1934	7	16
remove:
2705	7	16
1934	7	16
remove:
2266	6	16
1141	6	16
add:	1732
1732	6	16
1220	6	16
add:	2348
2348	7	16
1220	7	16
remove:
2348	7	16
1220	7	16
remove:
1732	6	16
58	6	16
add:	747
747	6	16
2159	6	16
remove:
747	6	16
2159	6	16
add:	2892
2892	6	16
2266	6	16
add:	4113
4113	7	16
2266	7	16
add:	2844
2844	8	16
2266	8	16
add:	2864
2864	9	16
2266	9	16
add:	4193
4193	10	16
2266	10	16
add:	430
430	11	16
2266	11	16
remove:
430	11	16
2266	11	16
add:	2065
2065	11	16
2705	11	16
remove:
2065	11	16
2705	11	16
add:	4113
4113	11	16
1732	11	16
add:	1525
1525	12	16
1732	12	16
remove:
1525	12	16
1732	12	16
add:	4755
4755	12	16
2348	12	16
remove:
4755	12	16
2348	12	16
add:	439
439	12	16
747	12	16
add:	515
515	13	16
747	13	16
add:	1377
1377	14	16
747	14	16
remove:
1377	14	16
747	14	16
remove:
515	13	16
2892	13	16
remove:
439	12	16
4113	12	16
remove:
4113	11	16
2844	11	16
remove:
4193	10	16
2864	10	16
remove:
2864	9	16
4193	9	16
remove:
2844	8	16
430	8	16
add:	2336
2336	8	16
2065	8	16
remove:
2336	8	16
2065	8	16
remove:
4113	7	16
4113	7	16
add:	4216
4216	7	16
1525	7	16
remove:
4216	7	16
1525	7	16
add:	1983
1983	7	16
4755	7	16
add:	1346
1346	8	16
4755	8	16
add:	326
326	9	16
4755	9	16
remove:
326	9	16
4755	9	16
remove:
1346	8	16
439	8	16
add:	524
524	8	16
515	8	16
remove:
524	8	16
515	8	16
add:	2272
2272	8	16
1377	8	16
add:	3606
3606	9	16
1377	9	16
add:	69
69	10	16
1377	10	16
add:	1387
1387	11	16
1377	11	16
remove:
1387	11	16
1377	11	16
add:	998
998	11	16
2336	11	16
remove:
998	11	16
2336	11	16
add:	2363
2363	11	16
4216	11	16
add:	2573
2573	12	16
4216	12	16
add:	4362
4362	13	16
4216	13	16
remove:
4362	13	16
4216	13	16
add:	2738
2738	13	16
1983	13	16
add:	3853
3853	14	16
1983	14	16
add:	2192
2192	15	16
1983	15	16
add:	1287
1287	16	16
1983	16	16
add:	998
998	17	33
1983	17	33
remove:
998	17	33
1983	17	33
add:	4216
4216	17	33
1346	17	33
remove:
4216	17	33
1346	17	33
remove:
1287	16	33
326	16	33
add:	964
964	16	33
524	16	33
add:	3688
3688	17	33
524	17	33
remove:
3688	17	33
524	17	33
remove:
964	16	33
2272	16	33
remove:
2192	15	33
3606	15	33
remove:
3853	14	33
69	14	33
add:	1867
1867	14	33
1387	14	33
remove:
1867	14	33
1387	14	33
remove:
2738	13	33
998	13	33
remaining stack size:	12
2573
2363
69
3606
2272
1983
2892
58
1220
1141
645
4340
remaining queue size:	12
2363
2573
4362
2738
3853
2192
1287
998
4216
964
3688
1867
