688.871
4763.36
3400.044
1634.147
3823.341
4236.706
1972.712
4307.619
3306.463
3550.199
2981.863
2679.802
618.306
1290.598
2327.048
303.626
360.01
2105.336
3146.681
2374.884
4429.755
2237.207
414.328
4645.284
3687.319
1094.12
2556.492
386.196
3897.0
4698.69
1247.923
2449.219
1830.305
3158.837
4861.564
1146.606
938.939
1209.568
786.717
3984.572
4797.999
719.866
4163.816
2097.58
4246.085
4626.253
501.265
1658.515
342.714
3868.909
511.278
1428.575
4921.194
1853.81
2704.451
2898.407
277.477
4159.939
173.836
414.383
2728.993
535.387
2087.611
2346.11
1659.255
3357.76
3197.388
864.548
384.608
1055.408
4550.467
202.479
1121.54
4296.788
1242.521
1015.127
2993.093
672.542
1623.815
555.587
3526.804
3033.249
1364.769
2329.407
208.521
1131.076
1153.165
2100.834
2434.485
3336.509
43.95
4193.696
1395.804
2797.179
943.083
509.789
3156.748
2775.094
640.829
1775.407
