3997.624
3043.298
3687.089
2981.535
3514.002
1766.76
3426.781
4048.613
997.953
264.185
1611.348
1680.567
3914.122
4113.162
513.295
1377.546
725.851
4396.615
4477.098
2695.126
4194.747
486.514
2955.102
897.943
2182.016
2689.987
2846.146
1436.14
3450.894
2252.956
1896.219
2125.789
1287.828
4722.393
705.165
1069.161
1428.442
3987.997
4422.862
1367.691
3793.314
3416.13
4414.241
3104.027
3064.282
1246.075
1198.716
358.06
3435.738
2881.956
4831.581
4101.483
475.433
449.713
2090.38
1882.263
4460.909
713.401
3028.59
4520.637
1619.229
1360.557
4700.346
4628.967
1617.604
1430.89
3282.671
4706.87
4979.337
343.201
4876.569
3889.969
3299.79
1296.048
878.447
3719.073
1661.476
4658.167
3182.914
1371.273
1932.363
265.942
289.04
1682.11
4054.803
1264.826
3954.583
4357.185
1252.723
2206.672
2368.57
1451.902
4360.589
15.875
213.963
2263.779
1350.784
2593.61
2130.325
4654.153
