1495.231
876.417
487.104
4791.649
2826.027
1384.188
4424.35
168.67
2891.749
4263.519
2902.528
4783.553
2981.191
862.348
1497.612
3774.636
1190.151
46.629
3410.933
2383.897
1937.021
147.709
4847.156
525.559
1963.296
2232.825
4091.742
1399.44
3395.278
1609.175
396.228
4129.694
2522.858
4568.502
2476.032
2523.903
1545.28
1896.545
3004.416
4240.34
3554.296
3417.237
1929.653
4607.654
1960.455
2653.905
2739.292
1517.049
807.537
354.348
2593.739
1863.858
2132.279
1332.246
2299.191
2517.46
1227.442
2879.774
718.063
1146.003
4171.103
4614.542
87.676
1767.469
663.335
2103.848
1124.538
2158.51
1472.086
1287.477
233.083
3349.805
4137.048
514.174
3874.072
2702.688
11.545
1479.924
2842.522
1760.287
372.743
4671.015
3373.752
4442.966
4844.966
4605.979
528.596
4218.568
1716.849
1733.335
1490.045
3321.331
123.523
3094.439
4505.431
1600.366
4914.737
2470.535
1297.92
1403.14
