2707.029
4015.103
2807.048
4523.664
597.457
859.279
3461.092
3529.144
845.556
2941.306
4998.317
251.46
2303.739
3334.706
2784.046
3906.573
3907.352
4879.258
3901.268
594.133
1799.365
2009.687
4265.34
353.451
4278.252
3517.244
1566.493
4662.06
4890.865
94.383
2530.534
2273.26
835.076
2560.98
1435.645
3884.6
1252.498
2799.264
345.31
2828.207
4763.046
1152.76
3296.497
431.948
3110.848
2256.513
1476.338
1239.407
3015.103
1748.341
3781.283
4130.925
1895.844
1595.363
4819.129
2997.215
3190.982
2754.802
743.337
4199.774
3345.002
3016.636
783.336
4086.808
1914.096
1287.045
2180.348
3115.701
2200.335
2850.88
3508.954
4368.952
1854.656
3458.703
636.819
3396.915
444.9
1843.955
2355.425
1775.273
1477.546
4375.417
924.561
511.812
4317.51
4070.851
713.825
2806.009
2261.453
2073.643
4067.916
4856.817
1271.146
3689.44
4128.79
4357.184
4518.926
1304.732
3663.136
2809.193
